학정번호,구분,과목명,학점,담당교수,여석,강의시간,학부,학과
0000-1-8128-01,교필,광운인되기,1,김정권,72,X,공통,공통
7000-1-3362-01,교필,대학영어,3,에이미,99,월1수2,전자정보공과대학,공통
7000-1-3362-02,교필,대학영어,3,신동선,35,월2수1,전자정보공과대학,공통
7000-1-3362-03,교필,대학영어,3,김은주,23,월3,전자정보공과대학,공통
7000-1-3362-04,교필,대학영어,3,고현아,36,월4수3,전자정보공과대학,공통
7000-1-3362-05,교필,대학영어,3,손영희,66,월5수6,전자정보공과대학,공통
7000-1-3362-06,교필,대학영어,3,최정윤,42,월6,전자정보공과대학,공통
7000-1-3362-07,교필,대학영어,3,조윤주,43,목2,전자정보공과대학,공통
7000-1-3362-08,교필,대학영어,3,에이미,70,화2목1,전자정보공과대학,공통
7000-1-3362-09,교필,대학영어,3,신승한,71,화3목4,전자정보공과대학,공통
7000-1-3362-10,교필,대학영어,3,브라질,48,화4목3,전자정보공과대학,공통
7000-1-3362-11,교필,대학영어,3,이가영,24,화5,전자정보공과대학,공통
7000-1-3362-12,교필,대학영어,3,강희원,84,화6목5,전자정보공과대학,공통
7000-1-3362-13,교필,대학영어,3,이지혜,25,금1금2,전자정보공과대학,공통
7000-1-3362-14,교필,대학영어,3,김보식,55,금3금4,전자정보공과대학,공통
7000-1-3362-15,교필,대학영어,3,김연정,35,금5금6,전자정보공과대학,공통
7000-1-3362-16,교필,대학영어,3,김지희,37,월3수4,전자정보공과대학,공통
7000-1-3362-17,교필,대학영어,3,오경애,73,월4수3,전자정보공과대학,공통
6000-1-3362-01,교필,대학영어,3,정관희,64,월6수5,자연과학대학,공통
6000-1-3362-02,교필,대학영어,3,오경애,48,화4목3,자연과학대학,공통
6000-1-3362-03,교필,대학영어,3,이종국,49,화5목6,자연과학대학,공통
6000-1-3362-04,교필,대학영어,3,목승혜,16,금1금2,자연과학대학,공통
6000-1-3362-05,교필,대학영어,3,김민경,11,금3금4,자연과학대학,공통
6000-1-3362-06,교필,대학영어,3,조성은,35,금5금6,자연과학대학,공통
F000-1-3362-01,교필,대학영어,3,윤정용,53,월4수3,정책법학대학,공통
F000-1-3362-02,교필,대학영어,3,정관희,79,월5수6,정책법학대학,공통
F000-1-3362-03,교필,대학영어,3,브라이언,83,화1목2,정책법학대학,공통
F000-1-3362-04,교필,대학영어,3,장미정,96,화2목1,정책법학대학,공통
F000-1-3362-05,교필,대학영어,3,고현아,78,화3목4,정책법학대학,공통
F000-1-3362-06,교필,대학영어,3,박용준,84,화6목5,정책법학대학,공통
F000-1-3362-07,교필,대학영어,3,미정,22,금3금4,정책법학대학,공통
H000-1-3095-01,교필,융합적사고와글쓰기,3,허연실,71,월1수2,소프트웨어융합대학,공통
H000-1-3095-02,교필,융합적사고와글쓰기,3,전도연,42,월2수1,소프트웨어융합대학,공통
H000-1-3095-03,교필,융합적사고와글쓰기,3,유승호,95,월5수6,소프트웨어융합대학,공통
H000-1-3095-04,교필,융합적사고와글쓰기,3,이주영,17,월6수5,소프트웨어융합대학,공통
H000-1-3095-05,교필,융합적사고와글쓰기,3,김광섭,40,화2목1,소프트웨어융합대학,공통
H000-1-3095-06,교필,융합적사고와글쓰기,3,조영복,62,화5목6,소프트웨어융합대학,공통
H000-1-3095-07,교필,융합적사고와글쓰기,3,이지은,73,화6목5,소프트웨어융합대학,공통
H000-1-3095-08,교필,융합적사고와글쓰기,3,이은경,72,금1금2,소프트웨어융합대학,공통
H000-1-3095-09,교필,융합적사고와글쓰기,3,신정은,15,금3금4,소프트웨어융합대학,공통
1000-1-3095-01,교필,융합적사고와글쓰기,3,소유정,73,월3수4,공과대학,공통
1000-1-3095-02,교필,융합적사고와글쓰기,3,김민지,33,월6수5,공과대학,공통
1000-1-3095-03,교필,융합적사고와글쓰기,3,김학현,82,화1목2,공과대학,공통
1000-1-3095-04,교필,융합적사고와글쓰기,3,허진혁,96,화3목4,공과대학,공통
1000-1-3095-05,교필,융합적사고와글쓰기,3,조영복,45,화4목3,공과대학,공통
1000-1-3095-06,교필,융합적사고와글쓰기,3,김영범,56,금1금2,공과대학,공통
3000-1-3095-01,교필,융합적사고와글쓰기,3,이소망,97,월1수2,인문사회과학대학,공통
3000-1-3095-02,교필,융합적사고와글쓰기,3,미정,18,월2수1,인문사회과학대학,공통
3000-1-3095-03,교필,융합적사고와글쓰기,3,손미영,66,월3수4,인문사회과학대학,공통
3000-1-3095-04,교필,융합적사고와글쓰기,3,손미영,87,월4수3,인문사회과학대학,공통
3000-1-3095-05,교필,융합적사고와글쓰기,3,정채훈,94,월5수6,인문사회과학대학,공통
3000-1-3095-06,교필,융합적사고와글쓰기,3,박판식,81,월6수5,인문사회과학대학,공통
3000-1-3095-07,교필,융합적사고와글쓰기,3,김강은,89,화1목2,인문사회과학대학,공통
3000-1-3095-08,교필,융합적사고와글쓰기,3,최동일,99,금5금6,인문사회과학대학,공통
5000-1-3095-01,교필,융합적사고와글쓰기,3,이은란,86,월1수2,경영대학,공통
5000-1-3095-02,교필,융합적사고와글쓰기,3,안웅선,32,월2수1,경영대학,공통
5000-1-3095-03,교필,융합적사고와글쓰기,3,조영복,71,화3목4,경영대학,공통
5000-1-3095-04,교필,융합적사고와글쓰기,3,김문정,40,화5목6,경영대학,공통
5000-1-3095-05,교필,융합적사고와글쓰기,3,박상란,53,화6목5,경영대학,공통
5000-1-3095-06,교필,융합적사고와글쓰기,3,정영호,33,금3금4,경영대학,공통
5000-1-3095-07,교필,융합적사고와글쓰기,3,천유철,76,금5금6,경영대학,공통
7060-1-0019-01,교필,C프로그래밍,3,김상곤,76,화1목2,전자정보공과대학,전자공학과
7060-1-0019-02,교필,C프로그래밍,3,김상곤,21,화2목1,전자정보공과대학,전자공학과
7060-1-0019-03,교필,C프로그래밍,3,서창욱,11,화3목4,전자정보공과대학,전자공학과
7060-1-0019-04,교필,C프로그래밍,3,서창옥,41,화4목3,전자정보공과대학,전자공학과
7070-1-0019-01,교필,C프로그래밍,3,이쉬마노프,45,화5목6,전자정보공과대학,전자통신공학과
7070-1-0019-02,교필,C프로그래밍,3,이쉬마노프,70,화6목5,전자정보공과대학,전자통신공학과
7420-1-0019-01,교필,C프로그래밍,3,김정현,46,월1수2,전자정보공과대학,전자융합공학과
7420-1-0019-02,교필,C프로그래밍,3,김정현,46,월2수1,전자정보공과대학,전자융합공학과
7320-1-0019-01,교필,C프로그래밍,3,미정,17,월3수4,전자정보공과대학,전기공학과
7320-1-0019-02,교필,C프로그래밍,3,서창옥,56,월4수3,전자정보공과대학,전기공학과
7340-1-0019-01,교필,C프로그래밍,3,남기현,52,월5수6,전자정보공과대학,전자재료공학과
7340-1-0019-02,교필,C프로그래밍,3,이찬수,14,금1금2,전자정보공과대학,전자재료공학과
7410-1-0019-01,교필,C프로그래밍,3,황치곤,21,월6수5,전자정보공과대학,로봇학부
7410-1-0019-02,교필,C프로그래밍,3,노현아,19,금5금6,전자정보공과대학,로봇학부
H020-1-0019-01,교필,C프로그래밍,3,유지현,46,월3수4,소프트웨어융합대학,컴퓨터정보공학부
H020-1-0019-02,교필,C프로그래밍,3,이우신,100,화3목4,소프트웨어융합대학,컴퓨터정보공학부
H020-1-0019-03,교필,C프로그래밍,3,이우신,50,화5목6,소프트웨어융합대학,컴퓨터정보공학부
H030-1-0019-01,교필,C프로그래밍,3,미정,17,월4수3,소프트웨어융합대학,소프트웨어학부
H030-1-0019-02,교필,C프로그래밍,3,미정,48,월5수6,소프트웨어융합대학,소프트웨어학부
H030-1-0019-03,교필,C프로그래밍,3,미정,82,월6수5,소프트웨어융합대학,소프트웨어학부
H040-1-8610-01,교필,프로그래밍기초,3,김수환,95,화5목6,소프트웨어융합대학,정보융합학부
H040-1-8610-02,교필,프로그래밍기초,3,전희국,12,금1금2,소프트웨어융합대학,정보융합학부
1000-1-4432-01,교필,인공지능과컴퓨팅사고,3,미정,31,화5목6,공과대학,건축학과
1000-1-4432-02,교필,인공지능과컴퓨팅사고,3,이롤랜드,91,화6목5,공과대학,건축공학과
1000-1-4432-03,교필,인공지능과컴퓨팅사고,3,황치곤,18,금3금4,공과대학,화학공학과
1000-1-4432-04,교필,인공지능과컴퓨팅사고,3,박세영,97,금3금4,공과대학,화학공학과
1000-1-4432-05,교필,인공지능과컴퓨팅사고,3,박세영,15,금5금6,공과대학,환경공학과
3000-1-4432-01,교필,인공지능과컴퓨팅사고,3,윤대열,88,금3금4,인문사회과학대학,국어국문학과
3000-1-4432-02,교필,인공지능과컴퓨팅사고,3,조성수,75,화2목1,인문사회과학대학,영어산업학과
3000-1-4432-03,교필,인공지능과컴퓨팅사고,3,이롤랜드,86,화3목4,인문사회과학대학,미디어커뮤니케이션학부
3000-1-4432-04,교필,인공지능과컴퓨팅사고,3,조성수,43,화4목3,인문사회과학대학,미디어커뮤니케이션학부
3000-1-4432-05,교필,인공지능과컴퓨팅사고,3,김선곤,31,금1금2,인문사회과학대학,산업심리학과
3000-1-4432-06,교필,인공지능과컴퓨팅사고,3,염귀덕,44,화6목5,인문사회과학대학,동북아문화산업학부
3000-1-4432-07,교필,인공지능과컴퓨팅사고,3,최상근,30,화5목6,인문사회과학대학,동북아문화산업학부
5000-1-4432-01,교필,인공지능과컴퓨팅사고,3,미정,43,월4수3,경영대학,경영학부
5000-1-4432-02,교필,인공지능과컴퓨팅사고,3,손광철,74,월5수6,경영대학,경영학부
5000-1-4432-03,교필,인공지능과컴퓨팅사고,3,김태현,27,월6수5,경영대학,경영학부
5000-1-4432-04,교필,인공지능과컴퓨팅사고,3,서반우,82,화1목2,경영대학,공통
5000-1-4432-05,교필,인공지능과컴퓨팅사고,3,서반우,33,화2목1,경영대학,국제통상학부
6000-1-4432-01,교필,인공지능과컴퓨팅사고,3,문만기,34,월3수4,자연과학대학,수학과
6000-1-4432-02,교필,인공지능과컴퓨팅사고,3,김윤기,22,월2수1,자연과학대학,전자바이오물리학과
6000-1-4432-03,교필,인공지능과컴퓨팅사고,3,정진범,52,월1수2,자연과학대학,공통
6000-1-4432-04,교필,인공지능과컴퓨팅사고,3,정진범,60,월4수3,자연과학대학,화학과
6000-1-4432-05,교필,인공지능과컴퓨팅사고,3,정진범,91,월5수6,자연과학대학,스포츠융합과학과
F000-1-4432-01,교필,인공지능과컴퓨팅사고,3,김지명,66,금5금6,정책법학대학,행정학과
F000-1-4432-02,교필,인공지능과컴퓨팅사고,3,윤대열,61,금5금6,정책법학대학,공통
F000-1-4432-03,교필,인공지능과컴퓨팅사고,3,서반우,64,화4목3,정책법학대학,법학부
F000-1-4432-04,교필,인공지능과컴퓨팅사고,3,이롤랜드,58,화5목6,정책법학대학,법학부
F000-1-4432-05,교필,인공지능과컴퓨팅사고,3,박세영,25,금1금2,정책법학대학,법학부
0000-1-5909-01,교선,공학과디자인,3,유미란,25,화5목6,교양,공통
0000-1-5959-02,교선,공학과디자인,3,미정,95,화6목5,교양,공통
0000-1-4283-01,교선,공학교양세미나,3,김충혁,88,월1월2,교양,공통
0000-1-4283-02,교선,공학교양세미나,3,권순철,12,화5목6,교양,공통
0000-1-3669-01,교선,기초C프로그래밍,3,미정,85,화4목3,교양,공통
0000-1-4102-01,교선,블록체인의이해,3,김길래,92,화1목2,교양,공통
0000-1-4102-02,교선,블록체인의이해,3,미정,94,화2목1,교양,공통
0000-1-9340-01,교선,빅데이터의이해,3,우기정,36,화4목3,교양,공통
0000-1-4099-01,교선,사진편집기술,3,하마처,40,목4,교양,공통
0000-1-7461-01,교선,상상공학과표현,3,김형국,94,월3수4,교양,공통
0000-1-7461-02,교선,상상공학과표현,3,김형국,62,월4수3,교양,공통
0000-1-4103-01,교선,생명과기술,3,박경순,80,월6수5,교양,공통
0000-1-5674-01,교선,생활속의과학,3,김충혁,45,X,교양,공통
0000-1-5674-02,교선,생활속의과학,3,이도남,88,월4수3,교양,공통
0000-1-5674-03,교선,생활속의과학,3,김상목,50,월6수5,교양,공통
0000-1-4101-01,교선,인공지능의이해,3,서영호,85,X,교양,공통
0000-1-5704-01,교선,자연교양세미나,3,김영희,28,월5월6,교양,공통
0000-1-5704-02,교선,자연교양세미나,3,이영수,69,월6수5,교양,공통
0000-1-3293-01,교선,컴퓨터활용,3,정계동,15,화5목6,교양,공통
0000-1-4125-01,교선,파이썬프로그래밍기초,3,이강성,14,월2수1,교양,공통
0000-1-4125-02,교선,파이썬프로그래밍기초,3,이강성,89,월1수2,교양,공통
0000-2-6957-01,교선,디지털사운드제작,3,고병량,83,화3목4,교양,공통
0000-2-6957-02,교선,디지털사운드제작,3,홍민의,90,화4목3,교양,공통
0000-2-3298-01,교선,모바일프로그래밍기초,3,정영희,86,월3수4,교양,공통
0000-2-7724-01,교선,수학과철학의대화,3,최종성,25,월3수4,교양,공통
0000-2-9251-01,교선,신기술과미래사회,3,김충혁,17,월4수3,교양,공통
0000-2-3029-01,교선,인터넷활용,3,이상훈,58,화3목4,교양,공통
0000-2-3029-02,교선,인터넷활용,3,김진수,93,월5수6,교양,공통
0000-2-3029-03,교선,인터넷활용,3,김진수,76,월6수5,교양,공통
0000-2-2991-01,교선,자연과학사,3,박봉주,20,금3금4,교양,공통
0000-2-2991-02,교선,자연과학사,3,박경순,43,월3수4,교양,공통
0000-2-8119-01,교선,패러독스와논리,3,최종성,28,월4수3,교양,공통
0000-2-2994-01,교선,환경과생태,3,양재규,87,월3수4,교양,공통
0000-2-2994-02,교선,환경과생태,3,최유림,36,월3수4,교양,공통
0000-3-7728-01,교선,디지털사회를위한데이터분석,3,이강성,67,월4수3,교양,공통
0000-3-5765-01,교선,미디어아트,3,이상민,26,월4수3,교양,공통
0000-3-2997-01,교선,산업화와환경오염,3,종초은,62,화5목6,교양,공통
0000-3-8120-01,교선,정보사회와수학,3,김영희,99,월3수4,교양,공통
0000-4-7462-01,교선,예술과과학의융합,3,김미수,62,수5,교양,공통
0000-1-5899-01,교선,과학기술윤리,3,박지희,45,금3금4,교양,공통
0000-1-5899-02,교선,과학기술윤리,3,이재유,51,금1금2,교양,공통
0000-1-3925-01,교선,나의역사,3,김희교,10,화5목6,교양,공통
0000-1-8085-01,교선,논리적으로사고하기,3,이경희,12,금3금4,교양,공통
0000-1-8085-02,교선,논리적으로사고하기,3,우호용,72,금1금2,교양,공통
0000-1-8085-03,교선,논리적으로사고하기,3,윤은주,55,화2목1,교양,공통
0000-1-8085-04,교선,논리적으로사고하기,3,김정아,14,월3수4,교양,공통
0000-1-5224-01,교선,동서양신화읽기와변용,3,고경주,78,수1수2,교양,공통
0000-1-4356-01,교선,동서양의예술과미학,3,도승연,40,X,교양,공통
0000-1-5659-01,교선,세계화시대의역사보기,3,미정,10,화1목2,교양,공통
0000-1-4412-01,교선,심층탐구인간과세계의이해,3,김인호,66,목7목8,교양,공통
0000-1-2337-01,교선,언어의이해,3,박성현,91,화6목5,교양,공통
0000-1-4413-01,교선,영어로읽는문학,3,노진서,27,화6목5,교양,공통
0000-1-5660-01,교선,유럽의과거와현재,3,김동조,69,화6화7,교양,공통
0000-1-2959-01,교선,인간존재의이해,3,김현중,52,금1금2,교양,공통
0000-1-2959-02,교선,인간존재의이해,3,이지영,80,목7목8목9,교양,공통
0000-1-5661-01,교선,인문교양세미나,3,김인호,95,월5월6,교양,공통
0000-1-5661-02,교선,인문교양세미나,3,김정권,33,월7월8월9,교양,공통
0000-1-5655-01,교선,현대사회와윤리,3,김상원,77,화1화2,교양,공통
0000-2-3792-01,교선,교과서밖의심리학,3,이병관,69,월2월3,교양,공통
0000-2-9742-01,교선,글로벌시대의종교와문화,3,미정,83,화5목6,교양,공통
0000-2-9742-02,교선,글로벌시대의종교와문화,3,미정,50,화6목5,교양,공통
0000-2-3937-01,교선,동아시아국제관계사,3,유의상,60,월4월5,교양,공통
0000-2-7727-01,교선,미디어로읽는영어의역사,3,노진서,48,월5수6,교양,공통
0000-2-3933-01,교선,예술철학으로의초대,3,진중권,12,금1금2,교양,공통
0000-2-3933-02,교선,예술철학으로의초대,3,진중권,24,금3금4,교양,공통
0000-2-5900-01,교선,인문교양심화세미나,3,김희교,95,화6목5,교양,공통
0000-2-5663-01,교선,인물로본한국사,3,윤성재,80,금1금2,교양,공통
0000-2-5663-02,교선,인물로본한국사,3,최희준,35,금3금4,교양,공통
0000-2-3932-01,교선,한국그현대사,3,김정권,95,월1수2,교양,공통
0000-2-3932-02,교선,한국근현대사,3,김정권,40,월2수1,교양,공통
0000-2-4414-01,교선,현대사회의생명과신체,3,박인혜,63,화7화8화9,교양,공통
0000-3-5658-01,교선,뉴미디어와이미지의활용,3,미정,41,월3수4,교양,공통
0000-3-6517-01,교선,르네상스문화와과학,3,차승현,27,월2수1,교양,공통
0000-3-8122-01,교선,문예작품으로읽는서양문명사,3,노진서,51,화5목6,교양,공통
0000-3-6516-01,교선,우리시대의삶과문학,3,김미정,31,월3월4,교양,공통
0000-3-3924-01,교선,자본주의역사,3,미정,52,월4수3,교양,공통
0000-3-5665-01,교선,한국과학기술문명사,3,김인호,34,월2수1,교양,공통
0000-3-1879-01,교선,현대사상의이해,3,도승연,30,월3수4,교양,공통
0000-1-8583-01,교선,글로벌시대의쟁점과현안,3,전진호,41,수3,교양,공통
0000-1-8583-02,교선,글로벌시대의쟁점과현안,3,미정,92,금5금6,교양,공통
0000-1-5901-01,교선,기술경영과마케팅,3,김찬모,64,화5목6,교양,공통
0000-1-5901-02,교선,기술경영과마케팅,3,김찬모,28,화6목5,교양,공통
0000-1-0670-01,교선,법과생활,3,손명지,92,화3목4,교양,공통
0000-1-4282-01,교선,사회과학교양세미나,3,하마처,14,화4목3,교양,공통
0000-1-4282-02,교선,사회과학교양세미나,3,김일식,42,화6목5,교양,공통
0000-1-3948-01,교선,사회학의이해,3,이현민,92,금3금4,교양,공통
0000-1-0806-01,교선,생활속의경제,3,김일식,78,화1목2,교양,공통
0000-1-0806-02,교선,생활속의경제,3,이수욱,12,월5수6,교양,공통
0000-1-4415-01,교선,생활속의지식재산권,3,권지현,88,금3금4,교양,공통
0000-1-4638-01,교선,생활속의회계와세무,3,이수욱,25,월6수5,교양,공통
0000-1-3928-01,교선,성과심리학,3,이정은,45,금1금2,교양,공통
0000-1-3363-01,교선,세계경제의이해,3,김일식,98,화2목1,교양,공통
0000-1-2982-01,교선,인간심리의이해,3,김기년,55,금1금2,교양,공통
0000-1-5667-01,교선,정치와현대사회,3,기유정,65,금5금6,교양,공통
0000-1-1797-01,교선,한국사회의이해,3,박수경,78,금1금2,교양,공통
0000-2-3537-01,교선,[S-L]법과권리,4,한재경,14,화7화8화9화10,교양,공통
0000-2-2981-01,교선,국가와행정,3,서승현,40,금1금2,교양,공통
0000-2-9744-01,교선,미디어활용과생활,3,레이몬드,49,화5목6,교양,공통
0000-2-9744-02,교선,미디어활용과생활,3,레이몬드,55,화4목3,교양,공통
0000-2-6137-01,교선,범죄와사회,3,강희창,54,수7수8수9,교양,공통
0000-2-2988-01,교선,법과경제,3,김신영,99,금1금2,교양,공통
0000-2-8834-01,교선,법과권리,3,한재경,59,월3수4,교양,공통
0000-2-3645-01,교선,법과정치,3,정명석,88,화3목4,교양,공통
0000-2-8124-01,교선,법논리학,3,이춘원,69,금1금2,교양,공통
0000-2-4416-01,교선,북한의이해와통일전략,3,손주영,42,화3화4,교양,공통
0000-2-7726-01,교선,자아의이해와문학치료,3,도기숙,95,화5화6,교양,공통
0000-2-7726-02,교선,자아의이해와문학치료,3,도기숙,91,목5목6,교양,공통
0000-2-3008-01,교선,조직과리더쉽,3,손주영,14,월4수3,교양,공통
0000-2-3008-02,교선,조직과리더쉽,3,손주영,45,월3수4,교양,공통
0000-2-8585-01,교선,지구적으로생각하고지역적으로실천하기,3,이은정,59,금3금4,교양,공통
0000-2-8588-01,교선,탈성장시대의사회와경제,3,김남성,70,화6목5,교양,공통
0000-2-3950-01,교선,현대사회와인권,3,최현우,49,화3목4,교양,공통
0000-2-8587-01,교선,현대한국사회의문제와해법,3,김정권,75,수7수8수9,교양,공통
0000-3-9448-01,교선,스타트업과고객발굴전략,3,이경학,74,수5수6,교양,공통
0000-3-3946-01,교선,여성과남성,3,도기숙,78,화4,교양,공통
0000-1-3589-01,교선,독일어1,3,미정,95,화3목4,교양,공통
0000-1-3589-02,교선,독일어1,3,권상희,50,월3수4,교양,공통
0000-1-3812-01,교선,스페인어1,3,신태식,63,금1금2,교양,공통
0000-1-3812-02,교선,스페인어1,3,최지영,86,화2목1,교양,공통
0000-1-5688-01,교선,일본문화읽기,3,권혁민,66,화6목5,교양,공통
0000-1-5688-02,교선,일본문화읽기,3,유양근,18,월4수3,교양,공통
0000-1-6524-01,교선,일본어듣기와쓰기,3,권혁민,74,화5목6,교양,공통
0000-1-6524-02,교선,일본어듣기와쓰기,3,권혁민,77,화1목2,교양,공통
0000-1-6525-01,교선,중국어듣기와쓰기,3,황육림,13,월6수5,교양,공통
0000-1-3593-01,교선,초급일본어1,3,다와라기하루미,66,월1수2,교양,공통
0000-1-3593-02,교선,초급일본어1,3,다와라기하루미,41,월2수1,교양,공통
0000-1-3593-03,교선,초급일본어1,3,다와라기하루미,24,월5수6,교양,공통
0000-1-3593-04,교선,초급일본어1,3,후지무라마이,34,화1목2,교양,공통
0000-1-3593-05,교선,초급일본어1,3,후지무라마이,72,화2목1,교양,공통
0000-1-3593-06,교선,초급일본어1,3,김덕미,12,화3목4,교양,공통
0000-1-3593-07,교선,초급일본어1,3,박세희,24,금5금6,교양,공통
0000-1-3593-08,교선,초급일본어1,3,이지은,48,금3금4,교양,공통
0000-1-3593-09,교선,초급일본어1,3,김경화,35,월3수4,교양,공통
0000-1-3593-10,교선,초급일본어1,3,미정,12,월4수3,교양,공통
0000-1-3593-11,교선,초급일본어1,3,미정,100,월6수5,교양,공통
0000-1-3593-12,교선,초급일본어1,3,미정,28,화4목3,교양,공통
0000-1-3593-13,교선,초급일본어1,3,미정,42,화5목6,교양,공통
0000-1-3593-14,교선,초급일본어1,3,미정,65,화6목5,교양,공통
0000-2-5663-73,교선,초급일본어2,3,최정아,38,월6수5,교양,공통
0000-2-5663-74,교선,초급일본어생활한자,3,다와라기하루미,22,월3수4,교양,공통
0000-2-5663-75,교선,초급중국어1,3,곡효운,42,월1수2,교양,공통
0000-2-5663-76,교선,초급중국어1,3,고영란,26,화4목3,교양,공통
0000-2-5663-77,교선,초급중국어1,3,김수정,27,월7월8월9,교양,공통
0000-2-5663-78,교선,초급중국어1,3,김정인,73,월4수3,교양,공통
0000-2-5663-79,교선,초급중국어1,3,김태경,34,화3목4,교양,공통
0000-2-5663-80,교선,초급중국어1,3,성은리,68,화1목2,교양,공통
0000-2-5663-81,교선,초급중국어1,3,이슬기,49,화2목1,교양,공통
0000-2-5663-82,교선,초급중국어1,3,임미주,99,월3수4,교양,공통
0000-2-5663-83,교선,초급중국어1,3,장가원,46,월2수1,교양,공통
0000-1-3039-01,교선,초급중국어2,3,곡효운,72,월2수1,교양,공통
0000-1-3590-01,교선,프랑스어1,3,허영인,74,월3수4,교양,공통
0000-1-8594-01,교선,현대중국의문화트렌드,3,최희준,88,월5수6,교양,공통
0000-1-8594-02,교선,현대중국의문화트렌드,3,박현곤,46,화2목1,교양,공통
0000-2-4921-01,교선,JLPT연습,3,권혁인,42,화2목1,교양,공통
0000-2-5690-01,교선,생활일본어회화,3,다와라기하루미,68,월6수5,교양,공통
0000-2-5690-02,교선,생활일본어회화,3,후지무라마이,76,화6목5,교양,공통
0000-2-2977-01,교선,생활한문,3,김준,99,월6수5,교양,공통
0000-2-2977-02,교선,생활한문,3,김지현,96,금3금4,교양,공통
0000-2-2977-03,교선,생활한문,3,김홍구,54,화4목3,교양,공통
0000-2-2977-04,교선,생활한문,3,안나미,16,월5수6,교양,공통
0000-2-2977-05,교선,생활한문,3,이철희,66,월5수6,교양,공통
0000-2-3349-01,교선,스크린일본어,3,후지무라마이,90,화5목6,교양,공통
0000-2-3349-02,교선,스크린일본어,3,미정,62,수7수8수9,교양,공통
0000-2-4917-01,교선,시청각중국어,3,장중레이,52,화3목4,교양,공통
0000-2-5689-01,교선,실용일본어문법,3,김희성,96,화3목4,교양,공통
0000-2-6526-01,교선,실용중국어문법,3,곡효운,69,월3,교양,공통
0000-2-4426-01,교선,중국어HSK연습,3,이명숙,56,월5수6,교양,공통
0000-1-3223-01,교선,골프,2,설수황,23,금3금4,교양,공통
0000-1-2323-02,교선,골프,2,설수황,65,금5금6,교양,공통
0000-1-0387-01,교선,농구,2,미정,61,월5월6,교양,공통
0000-1-5378-01,교선,댄스스포츠,2,진지형,64,월3월4,교양,공통
0000-1-5378-02,교선,댄스스포츠,2,진지형,21,월5월6,교양,공통
0000-1-3215-01,교선,수상스키,2,최석환,54,목5목6,교양,공통
0000-1-2238-01,교선,스케이팅,2,정재은,77,수3수4,교양,공통
0000-1-2238-02,교선,스케이팅,2,정재은,70,수5수6,교양,공통
0000-1-9255-01,교선,승마,2,박석,38,화5화6,교양,공통
0000-1-5683-01,교선,요가,2,홍승연,20,목1목2,교양,공통
0000-1-5683-02,교선,요가,2,홍승연,82,목3목4,교양,공통
0000-1-5684-01,교선,웰니스트레이닝,2,노기웅,34,화3화4,교양,공통
0000-1-5684-02,교선,웰니스트레이닝,2,최재영,84,금5금6,교양,공통
0000-1-1618-01,교선,축구,2,남용우,18,목7목8,교양,공통
0000-1-1618-02,교선,축구,2,염종훈,27,화1뫄2,교양,공통
0000-1-1679-01,교선,탁구,2,박현애,33,화2화3,교양,공통
0000-1-1679-02,교선,탁구,2,박현애,42,화4화5,교양,공통
0000-1-4418-01,교선,교양음악실기(바이올린),3,배윤진,40,월5월6,교양,공통
0000-1-4422-01,교선,교양음악실기(색소폰),3,노정진,86,수3수4,교양,공통
0000-1-4419-01,교선,교양음악실기(첼로),3,정연재,96,월5월6,교양,공통
0000-1-4421-01,교선,교양음악실기(클라리넷),3,김진규,26,화5화6,교양,공통
0000-1-4424-01,교선,교양음악실기(클래식기타) ,3,유태성,63,금3금4,교양,공통
0000-1-4425-01,교선,교양음악실기(피아노반주테크닉),3,김철수,78,금1금2,교양,공통
0000-1-6060-01,교선,아카펠라,3,이강성,61,수5수6,교양,공통
0000-2-6059-01,교선,실내악앙상블,3,연효정,42,화3화4,교양,공통
0000-1-8127-01,교선,드로잉,3,김문석,42,수5수6,교양,공통
0000-1-8127-02,교선,드로잉,3,이정인,49,화3화4,교양,공통
0000-2-7778-01,교선,일러스트레이션,3,김문석,41,수1수2,교양,공통
0000-2-7778-02,교선,일러스트레이션,3,윤지현,50,화5화6,교양,공통
0000-1-5678-01,교선,대중문화와삶,3,고상현,97,금3금4,교양,공통
0000-1-5678-02,교선,대중문화와삶,3,하효숙,50,화7화8화9,교양,공통
0000-1-2437-01 ,교선,연극의이해,3,고해종,87,금3금4,교양,공통
0000-1-3814-01,교선,영화의이해,3,이대범,16,금3금4,교양,공통
0000-1-3814-02,교선,영화의이해,3,하정현,47,월7월8월9,교양,공통
0000-2-6948-01,교선,대중음악의역사,3,김철수,83,X,교양,공통
0000-2-2942-01,교선,미술의이해,3,김영찬,57,금3금4,교양,공통
0000-2-4051-01,교선,인간과예술,3,김서영,38,화5목6,교양,공통
0000-2-4051-02,교선,인간과예술,3,김서영,36,화6목5,교양,공통
0000-2-4417-01,교선,재즈의역사,3,노정진,41,수2,교양,공통
0000-2-5680-01,교선,판타지장르와미래학,3,김건우,44,금3금4,교양,공통
0000-2-2968-01,교선,한국의문화유산,3,미정,39,월2수1,교양,공통
0000-2-2968-02,교선,한국의문화유산,3,미정,62,월1수2,교양,공통
0000-2-4925-01,교선,현대사회와스포츠,3,한지영,25,목5목6,교양,공통
0000-2-4925-02,교선,현대사회와스포츠,3,강지연,29,월7월8월9,교양,공통
0000-3-5682-01,교선,생활속의디자인,3,김문석,15,X,교양,공통
0000-3-3200-01,교선,운동과건강,3,이시은,16,목1목2,교양,공통
0000-3-3200-02,교선,운동과건강,3,미정,44,월1월2,교양,공통
0000-1-1078-01,교선,영어회화1,3,에이미,21,월2수1,교양,교양
0000-1-1078-02,교선,영어회화1,3,브라질,50,화2목1,교양,교양
0000-1-1078-03,교선,영어회화1,3,브라이언,99,화3목4,교양,교양
0000-1-1078-04,교선,영어회화1,3,토미,15,화3목4,교양,교양
0000-2-4105-01,교선,TED로배우는영어,3,에이미,46,화3목4,교양,교양
0000-2-4111-01,교선,TOEIC연습1,3,미정,13,금1금2,교양,교양
0000-2-4067-01,교선,기초영작문,3,토미,80,월4수3,교양,교양
0000-2-4067-02,교선,기초영작문,3,손영희,22,월3수4,교양,교양
0000-2-4913-01,교선,대학영문법,3,손가연,79,화2목1,교양,교양
0000-2-1079-01,교선,영어회화2,3,브라질,16,월2수1,교양,교양
0000-2-1079-02,교선,영어회화2,3,에이미,61,월3수4,교양,교양
0000-2-1079-03,교선,영어회화2,3,브라이언,85,화3목4,교양,교양
0000-2-1079-04,교선,영어회화2,3,토미,16,화2목1,교양,교양
0000-3-4106-01,교선,OPIc연습,3,토미,65,월1수2,교양,교양
0000-3-4106-02,교선,OPIc연습,3,오경애,84,화3목4,교양,교양
0000-3-4129-01,교선,비지니스프레젠테이션,3,브라질,27,월4수3,교양,교양
0000-3-0910-01,교선,시사영어,3,고현아,24,화4목3,교양,교양
0000-3-4427-01,교선,아카데믹라이팅연습,3,토미,45,월3수4,교양,교양
0000-3-8596-01,교선,영미문화읽기,3,노진서,47,월6수5,교양,교양
0000-3-8596-02,교선,영미문화읽기,3,노진서,86,금3금4,교양,교양
0000-4-4118-01,교선,영어베스트셀러읽기,3,브라이언,25,월3수4,교양,교양
7000-1-3414-01,기필,대학물리및실험,3,백구연,34,월2수1수2,전자정보공과대학,공통
7000-1-3414-02,기필,대학물리및실험,4,이건준,66,수3수4,전자정보공과대학,공통
7000-1-3414-03,기필,대학물리및실험,5,서윤호,85,월6수5수6,전자정보공과대학,공통
7000-1-3414-04,기필,대학물리및실험,6,최진성,63,화2목1목2,전자정보공과대학,공통
7000-1-3414-05,기필,대학물리및실험,7,김도영,99,화4목3목4,전자정보공과대학,공통
7000-1-3414-06,기필,대학물리및실험,8,나영호,32,화6목5목6,전자정보공과대학,공통
7000-1-3414-07,기필,대학물리및실험,9,백구연,62,월5월6수6,전자정보공과대학,공통
7000-1-3414-08,기필,대학물리및실험,10,이재승,87,월3월4,전자정보공과대학,공통
7000-1-3414-09,기필,대학물리및실험,11,구제환,54,화5화6목6,전자정보공과대학,공통
7000-1-9753-01,기필,대학물리학1,3,정란주,24,월5수6,전자정보공과대학,공통
7000-1-9753-02,기필,대학물리학2,3,구제환,32,화1목2,전자정보공과대학,공통
7000-1-9753-03,기필,대학물리학3,3,김용철,82,금1금2,전자정보공과대학,공통
7000-1-7466-01,기필,대학화학,3,최한,10,목3목4,전자정보공과대학,공통
7000-1-7466-02,기필,대학화학,3,이도남,28,화5목6,전자정보공과대학,공통
7000-1-7466-03,기필,대학화학,3,이도남,39,월6수5,전자정보공과대학,공통
7000-1-4625-01,기선,대학수학및연습1,3,장정환,37,월1수2,전자정보공과대학,공통
7000-1-4625-02,기선,대학수학및연습2,3,미정,97,월3수4,전자정보공과대학,공통
7000-1-4625-03,기선,대학수학및연습3,3,박정준,57,월5수6,전자정보공과대학,공통
7000-1-4625-04,기선,대학수학및연습4,3,전성희,26,월6수5,전자정보공과대학,공통
7000-1-4625-05,기선,대학수학및연습5,3,정계선,60,화1목2,전자정보공과대학,공통
7000-1-4625-06,기선,대학수학및연습6,3,김동호,76,화2목1,전자정보공과대학,공통
7000-1-4625-07,기선,대학수학및연습7,3,미정,19,화4목3,전자정보공과대학,공통
7000-1-4625-08,기필,대학수학및연습8,3,이혜경,55,월1수2,전자정보공과대학,공통
7000-1-4625-09,기필,대학수학및연습9,3,조향감,46,화5목6,전자정보공과대학,공통
7000-1-4625-10,기필,대학수학및연습10,3,고승훈,40,화6,전자정보공과대학,공통
7000-1-4625-11,기필,대학수학및연습11,3,박주희,12,금3금4,전자정보공과대학,공통
7000-1-4628-01,기선,기초수학및연습,3,최종성,40,월2수1,전자정보공과대학,공통
7000-1-4628-02,기선,기초수학및연습,3,강우석,64,화1목2,전자정보공과대학,공통
7000-1-4628-03,기선,기초수학및연습,3,최종성,45,금3금4,전자정보공과대학,전자공학과
7000-1-2957-01,전선,공학설계입문,3,정영욱,10,금5금6,전자정보공과대학,전자공학과
7000-1-2957-02,전선,공학설계입문,3,이지훈,26,금1금2,전자정보공과대학,전자융합공학과
7000-1-2957-03,전선,공학설계입문,3,김정현,30,월3수4,전자정보공과대학,전기공학과
7000-1-2957-04,전선,공학설계입문,3,윤민한,18,금1금2,전자정보공과대학,전자재료공학과
7000-1-2957-05,전선,공학설계입문,3,김민경,42,화1목2,전자정보공과대학,로봇학부
7000-1-6241-01,전선,로봇학입문,3,최용훈,57,월5수6,전자정보공과대학,공통
7000-2-4969-01,기필,공학수학1,3,최윤철,98,월1수2,전자정보공과대학,공통
7000-2-4969-02,기필,공학수학1,3,돌지,93,화3목4,전자정보공과대학,공통
7000-2-4969-03,기필,공학수학1,3,돌지,100,화4목3,전자정보공과대학,공통
7000-2-4969-04,기필,공학수학1,3,박광순,99,금1금2,전자정보공과대학,공통
7000-2-4969-05,기필,공학수학1,3,미정,25,금5금6,전자정보공과대학,공통
7000-1-4651-01,기선,공학설계도면작성,3,박수원,52,화5목6,전자정보공과대학,공통
7000-3-3270-01,전선,전자및에너지재료공학,3,손희상,99,금3금4,전자정보공과대학,공통
7000-3-3766-01,전선,신소재의원리와응용,3,손희상,98,X,전자정보공과대학,공통
7000-2-3120-01,전선,현대재료과학,3,신원호,93,화4목3,전자정보공과대학,공통
7000-4-2863-01,전선,영상처리응용,3,안창범,78,화4목3,전자정보공과대학,공통
7000-4-3096-01,전선,반도체집적회로설계,3,신현철,31,월6수5,전자정보공과대학,공통
7000-4-3097-01,전선,딥러닝,3,오정현,39,화5목6,전자정보공과대학,공통
7000-4-8478-01,전선,ICT창업프로젝트와지식재산권,3,이경학,94,화5화6,전자정보공과대학,공통
7060-1-3806-01,전선,전공미리보기(OT학기제),1,이정우,33,X,전자정보공과대학,전자공학과
7000-1-4628-27,기필,기초수학및연습,3,최종성,94,금3금28,전자정보공과대학,전자공학과
7060-2-4969-01,기필,공학수학1,3,이재승,27,목4,전자정보공과대학,전자공학과
7060-2-4969-02,기필,공학수학1,3,김현수,97,화4목3,전자정보공과대학,전자공학과
7060-2-0444-01,전선,디지털공학,3,정한울,60,월3수4,전자정보공과대학,전자공학과
7060-2-0574-01,전선,물리전자1,3,이지훈,37,화3목4,전자정보공과대학,전자공학과
7060-2-0574-02,전선,물리전자1,3,이현호,98,화1목2,전자정보공과대학,전자공학과
7060-2-0574-03,전선,물리전자1,3,박하민,76,월5수6,전자정보공과대학,전자공학과
7060-2-1411-01,전선,전자기학1,3,김복기,84,화1목2,전자정보공과대학,전자공학과
7060-2-1411-02,전선,전자기학1,3,김복기,40,화2목1,전자정보공과대학,전자공학과
7060-2-1411-03,전선,전자기학1,3,김정근,38,월2수1,전자정보공과대학,전자공학과
7060-2-1995-01,전선,회로이론1,3,박재영,42,월4수3,전자정보공과대학,전자공학과
7060-2-1995-02,전선,회로이론1,3,이정우,55,화2목1,전자정보공과대학,전자공학과
7060-2-1995-03,전선,회로이론1,3,김복기,69,월2수1,전자정보공과대학,전자공학과
7060-2-4512-01,전필,기초전자회로및실험1,3,유지상,44,화5화6화7금3,전자정보공과대학,전자공학과
7060-2-4512-02,전필,기초전자회로및실험1,3,박재영,67,화5화6화7금3,전자정보공과대학,전자공학과
7060-2-4512-03,전필,기초전자회로및실험1,3,오태현,62,목5목6목7금3,전자정보공과대학,전자공학과
7060-2-4512-04,전필,기초전자회로및실험1,3,이현호,74,목5목6목7금3,전자정보공과대학,전자공학과
7060-2-4512-05,전필,기초전자회로및실험1,3,박하민,97,금3금5금6금7,전자정보공과대학,전자공학과
7060-3-0488-01,전선,마이크로파공학,3,김정근,71,월1수2,전자정보공과대학,전자공학과
7060-3-1463-01,전선,전자회로1,3,이상신,59,월2수1,전자정보공과대학,전자공학과
7060-3-1463-02,전선,전자회로1,3,어윤성,38,화5목6,전자정보공과대학,전자공학과
7060-3-1463-03,전선,전자회로1,3,오태현,52,월3수4,전자정보공과대학,전자공학과
7060-3-1471-01,전필,전자회로실험,3,박호종,48,수5수6수7금4,전자정보공과대학,전자공학과
7060-3-1471-02,전필,전자회로실험,3,이상신,19,수5수6수7금4,전자정보공과대학,전자공학과
7060-3-1471-03,전필,전자회로실험,3,어윤성,92,월5월6월7금4,전자정보공과대학,전자공학과
7060-3-1471-04,전필,전자회로실험,3,김정근,65,금4금5금6금7,전자정보공과대학,전자공학과
7060-3-1471-05,전필,전자회로실험,3,김현수,73,월5월6월7금4,전자정보공과대학,전자공학과
7060-3-1722-01,전선,통신이론1,3,박호종,25,월4,전자정보공과대학,전자공학과
7060-3-1722-02,전선,통신이론1,3,정영욱,39,월3,전자정보공과대학,전자공학과
7060-3-1722-03,전선,통신이론1,3,채성호,66,목3,전자정보공과대학,전자공학과
7060-3-2103-01,기필,확률및불규칙신호론,3,유지상,22,화4목3,전자정보공과대학,전자공학과
7060-3-2103-02,기필,확률및불규칙신호론,3,김영억,31,화6목5,전자정보공과대학,전자공학과
7060-3-2103-03,기필,확률및불규칙신호론,3,채성호,43,화3목4,전자정보공과대학,전자공학과
7060-3-6528-01,전선,반도체소자및설계,3,김현수,93,화3목4,전자정보공과대학,전자공학과
7060-3-6528-02,전선,반도체소자및설계,3,박하민,97,월4수3,전자정보공과대학,전자공학과
7060-4-0237-01,전선,광전자공학,3,이상신,15,월4수3,전자정보공과대학,전자공학과
7060-4-0240-01,전선,광통신공학,3,이재승,85,금5금6,전자정보공과대학,전자공학과
7060-4-1180-01,전선,이동통신시스템,3,정영욱,84,월5,전자정보공과대학,전자공학과
7060-4-1498-01,전선,정보이론,3,채성호,89,화5목6,전자정보공과대학,전자공학과
7060-4-3280-01,전선,인공지능과음성신호처리,3,박호종,11,월3수4,전자정보공과대학,전자공학과
7060-4-4163-01,전선,캡스톤설계,3,오태현,35,금5금6,전자정보공과대학,전자공학과
7060-4-4168-01,전선,RF시스템,3,어윤성,96,화6목6,전자정보공과대학,전자공학과
7060-4-4179-01,전선,임베디드시스템,3,김영억,98,목6,전자정보공과대학,전자공학과
7060-4-8483-01,전선,머신러닝,3,정한울,87,금1금2,전자정보공과대학,전자공학과
7070-1-3806-01,전선,전공미리보기(OT학기제),1,장주용,21,X,전자정보공과대학,전자통신공학과
7070-2-4969-01,기필,공학수학1,3,박수원,50,화1목2,전자정보공과대학,전자통신공학과
7070-2-0444-01,전선,디지털공학,3,정용진,31,월3수4,전자정보공과대학,전자통신공학과
7070-2-0444-02,전선,디지털공학,3,정용진,17,월5수6,전자정보공과대학,전자통신공학과
7070-2-0573-01,전선,물리전자,3,박찬형,81,월2수1,전자정보공과대학,전자통신공학과
7070-2-0573-02,전선,물리전자,3,박찬형,14,월4수3,전자정보공과대학,전자통신공학과
7070-2-1411-01,전선,전자기학1,3,정영철,22,화2목1,전자정보공과대학,전자통신공학과
7070-2-1411-02,전선,전자기학1,3,송익환,74,화5목6,전자정보공과대학,전자통신공학과
7070-2-1995-01,전필,회로이론1,3,민상원,42,목4,전자정보공과대학,전자통신공학과
7070-2-1995-02,전필,회로이론1,3,서효운,82,화6목5,전자정보공과대학,전자통신공학과
7070-2-3903-01,전필,기초전자회로실험1,3,정영철,24,수0수1수2,전자정보공과대학,전자통신공학과
7070-2-3903-02,전필,기초전자회로실험1,3,정영철,15,월0월1월2,전자정보공과대학,전자통신공학과
7070-2-3903-03,전필,기초전자회로실험1,3,정영철,47,수0수1수2,전자정보공과대학,전자통신공학과
7070-2-3903-04,전필,기초전자회로실험1,3,정영철,49,월0월1월2,전자정보공과대학,전자통신공학과
7070-3-0419-01,전선,데이타통신,3,정광수,54,수2,전자정보공과대학,전자통신공학과
7070-3-0458-01,전선,디지털신호처리,3,오혁준,17,화5목6,전자정보공과대학,전자통신공학과
7070-3-0458-02,전선,디지털신호처리,3,오혁준,34,화6목5,전자정보공과대학,전자통신공학과
7070-3-0922-01,전선,시스템프로그래밍,3,김화성,63,금1금2,전자정보공과대학,전자통신공학과
7070-3-1245-01,전선,자료구조및알고리즘,3,김화성,95,월4수3,전자정보공과대학,전자통신공학과
7070-3-1463-01,전선,전자회로1,3,채주형,86,월2수1,전자정보공과대학,전자통신공학과
7070-3-1463-02,전선,전자회로1,3,채주형,89,월3수4,전자정보공과대학,전자통신공학과
7070-3-1472-01,전필,전자회로실험1,3,정광수,92,수5수6수7,전자정보공과대학,전자통신공학과
7070-3-1472-02,전필,전자회로실험1,3,박찬형,31,월5월6월7,전자정보공과대학,전자통신공학과
7070-3-1472-03,전필,전자회로실험1,3,송익환,45,수5수6수7,전자정보공과대학,전자통신공학과
7070-3-1472-04,전필,전자회로실험1,3,장주용,13,월5월6월7,전자정보공과대학,전자통신공학과
7070-3-1647-01,전선,컴퓨터구조,3,정용진,65,화4목3,전자정보공과대학,전자통신공학과
7070-3-1721-01,전선,통신이론1,3,서효운,29,금3금4,전자정보공과대학,전자통신공학과
7070-3-2103-01,기선,확률및불규칙신호론,3,박수원,51,화3목4,전자정보공과대학,전자통신공학과
7070-4-0237-01,전선,광전자공학,3,정영철,17,화4목3,전자정보공과대학,전자통신공학과
7070-4-2670-01,전선,네트워크프로그래밍,3,손채봉,50,월1수2,전자정보공과대학,전자통신공학과
7070-4-3387-01,전선,영상신호처리,3,장주용,23,화3목4,전자정보공과대학,전자통신공학과
7070-4-4163-01,전선,캡스톤설계,3,채주형,36,금3금4,전자정보공과대학,전자통신공학과
7420--13806-01,전선,전공미리보기(OT학기제),1,양훈기,41,X,전자정보공과대학,전자융합공학과
7420-2-4969-01,기필,공학수학1,3,심준섭,89,금3금4,전자정보공과대학,전자융합공학과
7420-2-0372-01,전선,기초회로실험1,3,양훈기,50,월5월6월7,전자정보공과대학,전자융합공학과
7420-2-0372-02,전선,기초회로실험1,3,이승형,80,수5수6수7,전자정보공과대학,전자융합공학과
7420-2-0372-03,전선,기초회로실험1,3,박면주,22,화5화6화7,전자정보공과대학,전자융합공학과
7420-2-0372-04,전선,기초회로실험1,3,최진주,51,목5목6목7,전자정보공과대학,전자융합공학과
7420-2-0444-01,전필,디지털공학,3,임한상,31,월1수2,전자정보공과대학,전자융합공학과
7420-2-0444-02,전필,디지털공학,3,임한상,57,월2수1,전자정보공과대학,전자융합공학과
7420-2-1234-01,전선,진로탐색및설계,1,심준섭,32,화8화9,전자정보공과대학,전자융합공학과
7420-2-1411-01,전필,전자기학1,3,정용식,40,화3목4,전자정보공과대학,전자융합공학과
7420-2-1411-02,전필,전자기학1,3,정용식,53,화4목3,전자정보공과대학,전자융합공학과
7420-2-1995-01,전필,회로이론1,3,박면주,70,월3수4,전자정보공과대학,전자융합공학과
7420-2-1995-02,전필,회로이론1,3,박면주,49,월4수3,전자정보공과대학,전자융합공학과
7420-2-6891-01,전선,반도체소자및설계,3,이종철,94,화1목2,전자정보공과대학,전자융합공학과
7420-3-0492-01,전선,마이크로프로세서,3,심준섭,81,금1금2,전자정보공과대학,전자융합공학과
7420-3-0819-01,기선,선형대수학,3,정용식,10,월5수6,전자정보공과대학,전자융합공학과
7420-3-1463-01,전필,전자회로1,3,신현철,43,월3수4,전자정보공과대학,전자융합공학과
7420-3-1463-02,전필,전자회로1,3,신현철,59,월4수3,전자정보공과대학,전자융합공학과
7420-3-1472-01,전선,전자회로실험1,3,이종철,24,월0월1월2,전자정보공과대학,전자융합공학과
7420-3-1472-02,전선,전자회로실험1,3,신현철,61,수0수1수2,전자정보공과대학,전자융합공학과
7420-3-1472-03,전선,전자회로실험1,3,김정현,60,목0목1목2,전자정보공과대학,전자융합공학과
7420-3-1472-04,전선,전자회로실험1,3,임한상,73,화0화1화2,전자정보공과대학,전자융합공학과
7420-3-1607-01,전선,초고주파공학,3,최진주,39,화4목3,전자정보공과대학,전자융합공학과
7420-3-1721-01,전선,통신이론,3,양훈기,75,화3목4,전자정보공과대학,전자융합공학과
7420-3-2004-01,전필,신호및시스템,3,선영규,70,금5금6,전자정보공과대학,전자융합공학과
7420-3-2103-01,기선,확률및불규칙신호론,3,김형국,46,금3금4,전자정보공과대학,전자융합공학과
7420-3-5694-01,전선,경력개발과취업전략,2,심준섭,92,월6월7,전자정보공과대학,전자융합공학과
7420-3-7367-01,전선,자료구조와알고리즘,3,이승형,97,화6목6,전자정보공과대학,전자융합공학과
7420-4-3387-01,전선,영상신호처리,3,김형국,18,월5수6,전자정보공과대학,전자융합공학과
7420-4-4022-01,전선,스마트안테나,3,정용식,74,금1금2,전자정보공과대학,전자융합공학과
7420-4-4164-01,전선,캡스톤설계1,3,김형국,51,화5목6,전자정보공과대학,전자융합공학과
7420-4-7369-01,전선,전자융합시스템실험,3,심준섭,26,금5금6금7,전자정보공과대학,전자융합공학과
7420-4-7374-01,전선,융합반도체공정,3,김정현,11,월4수3,전자정보공과대학,전자융합공학과
7420-4-8483-01,전선,머신러닝,3,이승형,72,화4목3,전자정보공과대학,전자융합공학과
7320-1-3806-01,전선,전공미리보기(OT학기제),1,이태훈,44,X,전자정보공과대학,전기공학과
7320-2-4969-01,기필,공학수학1,3,윤민한,64,화4목3,전자정보공과대학,전기공학과
7320-2-1234-01,전선,진로탐색및설계,1,이기백,30,수4수5,전자정보공과대학,전기공학과
7320-2-1411-01,전필,전자기학1,3,허돈,11,화1,전자정보공과대학,전기공학과
7320-2-1411-02,전필,전자기학1,3,허돈,33,화2,전자정보공과대학,전기공학과
7320-2-1995-01,전필,회로이론1,3,최주엽,62,월2수1,전자정보공과대학,전기공학과
7320-2-1995-02,전필,회로이론1,3,이태훈,55,화3목4,전자정보공과대학,전기공학과
7320-2-2111-01,전선,디지털논리회로설계,3,김형석,82,금3금4,전자정보공과대학,전기공학과
7320-2-5714-01,기필,고급C프로그래밍및설계,3,이건영,61,월5수6,전자정보공과대학,전기공학과
7320-2-5714-02,기필,고급C프로그래밍및설계,3,이건영,33,월4수3,전자정보공과대학,전기공학과
7320-2-6900-01,전필,전기및디지털회로실험,3,윤민한,36,화5화6화7,전자정보공과대학,전기공학과
7320-2-6900-02,전필,전기및디지털회로실험,3,송승호,41,화5화6화7,전자정보공과대학,전기공학과
7320-2-6900-03,전필,전기및디지털회로실험,3,이정훈,87,금0금1금2,전자정보공과대학,전기공학과
7320-3-0819-01,기선,선형대수학,3,미정,47,화4목3,전자정보공과대학,전기공학과
7320-3-1293-01,전선,전기기계1,3,정승기,90,월4수3,전자정보공과대학,전기공학과
7320-3-1293-02,전선,전기기계1,3,정승기,83,월3수4,전자정보공과대학,전기공학과
7320-3-1474-01,전선,전자회로응용,3,안창범,75,화3목4,전자정보공과대학,전기공학과
7320-3-1474-02,전선,전자회로응용,3,김형석,77,금1금2,전자정보공과대학,전기공학과
7320-3-3101-01,전선,반도체소자공학,3,이태훈,25,화5목6,전자정보공과대학,전기공학과
7320-3-4023-01,전필,전기공학머신러닝실습,3,안창범,41,화0화1화2,전자정보공과대학,전기공학과
7320-3-4023-02,전필,전기공학머신러닝실습,3,정승기,50,수0수1수2,전자정보공과대학,전기공학과
7320-3-4023-03,전필,전기공학머신러닝실습,3,이기백,85,목0목1목2,전자정보공과대학,전기공학과
7320-3-5694-01,전선,경력개발과취업전략,2,이기백,31,화6화7,전자정보공과대학,전기공학과
7320-4-0458-01,전선,디지털신호처리,3,김형석,96,금5금6,전자정보공과대학,전기공학과
7320-4-0834-01,전선,센서공학,3,이정훈,98,화5목6,전자정보공과대학,전기공학과
7320-4-1524-01,전선,제어공학2,3,이건영,15,월6수5,전자정보공과대학,전기공학과
7320-4-3103-01,전선,재생에너지발전공학,3,송승호,88,월2수1,전자정보공과대학,전기공학과
7320-4-3105-01,전선,전력변환시스템설계,3,최주엽,77,월1수2,전자정보공과대학,전기공학과
7320-4-4163-01,전선,캡스톤설계,3,이태훈,17,금3금4,전자정보공과대학,전기공학과
7320-4-6147-01,전선,전력시스템공학,3,허돈,65,금1금2,전자정보공과대학,전기공학과
7340-1-3806-01,전선,전공미리보기(OT학기제),1,기미민경,71,X,전자정보공과대학,전자재료공학과
7340-2-0453-01,전선,디지털논리회로1,3,김동욱,80,월6수5,전자정보공과대학,전자재료공학과
7340-2-0574-01,전필,물리전자1,3,이대석,87,화3목4,전자정보공과대학,전자재료공학과
7340-2-0574-02,전필,물리전자1,3,김민경,22,화3목4,전자정보공과대학,전자재료공학과
7340-2-1234-01,전선,진로탐색및설계,1,신원호,24,금1금2,전자정보공과대학,전자재료공학과
7340-2-1411-01,전필,전자기학1,3,황인찬,65,월3수4,전자정보공과대학,전자재료공학과
7340-2-1411-02,전필,전자기학1,3,황인찬,48,월4수3,전자정보공과대학,전자재료공학과
7340-2-1995-01,전선,회로이론1,3,하태준,19,월4,전자정보공과대학,전자재료공학과
7340-2-1991-01,전선,회로이론1,3,고승훈,87,월5수6,전자정보공과대학,전자재료공학과
7340-2-3586-01,전필,기초회로실험및설계1,3,구상모,89,화5화6화7,전자정보공과대학,전자재료공학과
7340-2-3586-02,전필,기초회로실험및설계1,3,오종민,79,목5목6목7,전자정보공과대학,전자재료공학과
7340-2-3586-03,전필,기초회로실험및설계1,3,서영호,99,화8화9화10화11,전자정보공과대학,전자재료공학과
7340-2-4391-01,전선,발명과특허제도,3,권지현,34,수7수8수9,전자정보공과대학,전자재료공학과
7340-3-0184-01,전선,고체물리,3,황인찬,24,화3목4,전자정보공과대학,전자재료공학과
7340-3-1020-01,전선,열역학,3,신원호,84,수2,전자정보공과대학,전자재료공학과
7340-3-1463-01,전선,전자회로1,3,김동욱,17,화5목6,전자정보공과대학,전자재료공학과
7340-3-3834-01,전선,진공공학1,3,김진영,11,금3금4,전자정보공과대학,전자재료공학과
7340-3-4393-01,전선,발명기법과특허출원전략,3,권지현,82,화8화9화10화11,전자정보공과대학,전자재료공학과
7340-3-4864-01,전필,전자재료물성실험및설계1,3,황인찬,33,금0금1금2,전자정보공과대학,전자재료공학과
7340-3-4864-02,전필,전자재료물성실험및설계1,3,하태준,52,월5월6월7,전자정보공과대학,전자재료공학과
7340-3-4864-03,전필,전자재료물성실험및설계1,3,신원호,64,수5수6수7,전자정보공과대학,전자재료공학과
7340-3-5694-01,전선,경력개발과취업전략,2,서영호,41,화6화7,전자정보공과대학,전자재료공학과
7340-3-5862-01,전선,반도체소자공학1,3,구상모,56,월3수4,전자정보공과대학,전자재료공학과
7340-3-6531-01,전선,시스템반도체설계,3,서영호,11,월4수3,전자정보공과대학,전자재료공학과
7340-3-8488-01,전선,전자세라믹스,3,오종민,76,화4목3,전자정보공과대학,전자재료공학과
7340-4-2104-01,전선,집적회로설계,3,고승훈,41,월6수5,전자정보공과대학,전자재료공학과
7340-4-3835-01,전선,캡스톤설계1,3,구상모,95,화8화9화10,전자정보공과대학,전자재료공학과
7340-4-4866-01,전선,전자재료공정실험및설계1,3,김동욱,32,월8월9월10월11,전자정보공과대학,전자재료공학과
7340-4-4866-02,전선,전자재료공정실험및설계1,3,김동욱,17,수8수9수10수11,전자정보공과대학,전자재료공학과
7340-4-5868-01,전선,박막재료공학,3,이대석,29,월4수3,전자정보공과대학,전자재료공학과
7410-1-3806-01,전선,전공미리보기(OT학기제),1,전선,69,박광현,전자정보공과대학,로봇학부
7410-2-3403-01,기필,고급프로그래밍,3,정문호,23,월6수5,전자정보공과대학,로봇학부
7410-2-3679-01,기필,자바프로그래밍,3,문석재,58,월6수5,전자정보공과대학,로봇학부
7410-2-0444-01,전선,디지털공학,3,박일우,60,화4목3,전자정보공과대학,로봇학부
7410-2-1234-01,전선,진로탐색및설계,1,양우성,26,금3금4,전자정보공과대학,로봇학부
7410-2-1411-01,전선,전자기학1,3,남재광,19,화6목5,전자정보공과대학,로봇학부
7410-2-1995-01,전선,회로이론1,3,남재광,88,월1수2,전자정보공과대학,로봇학부
7410-2-2865-01,전선,기초역학,3,조황,90,월3수4,전자정보공과대학,로봇학부
7410-2-6154-01,전필,로봇학실험,3,최용훈,30,목0목1목2,전자정보공과대학,로봇학부
7410-2-6154-02,전필,로봇학실험,3,박일우,62,금0금1금2,전자정보공과대학,로봇학부
7410-2-6154-03,전필,로봇학실험,3,정문호,36,화0화1화2,전자정보공과대학,로봇학부
7410-3-0492-01,전선,마이크로프로세서,3,박일우,20,화6목5,전자정보공과대학,로봇학부
7410-3-0819-01,기선,선형대수학,3,송영권,95,월5수6,전자정보공과대학,로봇학부
7410-3-0834-01,전선,센서공학,3,남재광,16,화4목3,전자정보공과대학,로봇학부
7410-3-0969-01,전선,알고리즘,3,박광현,40,월4수3,전자정보공과대학,로봇학부
7410-3-1235-01,전선,자동제어,3,오정현,50,화3목4,전자정보공과대학,로봇학부
7410-3-1655-01,전선,컴퓨터네트워크,3,최용훈,68,월3수4,전자정보공과대학,로봇학부
7410-3-4450-01,전선,로봇게임세미나23-1,3,박광현,49,수7수8수9,전자정보공과대학,로봇학부
7410-3-5481-01,전필,로봇운동학,3,양우성,85,화7화8화9,전자정보공과대학,로봇학부
7410-3-6538-01,전필,로봇학실험3,3,조황,62,수0수1수2,전자정보공과대학,로봇학부
7410-3-6538-02,전필,로봇학실험3,3,박광현,54,금5금6금7,전자정보공과대학,로봇학부
7410-3-6538-03,전필,로봇학실험3,3,양우성,71,월0월1월2,전자정보공과대학,로봇학부
7410-4-4163-01,전선,캡스톤설계,3,조황,28,월6월7월8,전자정보공과대학,로봇학부
7410-4-4179-01,전선,임베디드시스템,3,서한석,49,목7목8목9,전자정보공과대학,로봇학부
7410-4-6907-01,전선,로봇응용시스템,3,양우성,59,화3목4,전자정보공과대학,로봇학부
7450-1-4278-01,전선,지능형로봇의이해,2,최용훈,56,금5금6,전자정보공과대학,지능형로봇학과
7450-1-4287-01,전선,로봇명사와의만남,2,정문호,100,금1금2,전자정보공과대학,지능형로봇학과
7450-2-4483-01,전선,로봇과상상,3,김율희,22,금3금4,전자정보공과대학,지능형로봇학과
7450-2-4484-01,전선,로봇기초실습,3,이기백,97,화3목4목5,전자정보공과대학,지능형로봇학과
7450-2-4485-01,전선,모바일로봇의이해,3,정대욱,76,금5금6,전자정보공과대학,지능형로봇학과
7450-3-4286-01,전선,마이크로프로세서응용설계,3,이기백,56,화5목6,전자정보공과대학,지능형로봇학과
7450-3-4301-01,전선,로봇프로그래밍,3,박광현,22,월6수5,전자정보공과대학,지능형로봇학과
7450-4-4026-01,전선,로봇비전응용,3,정문호,20,월4수3,전자정보공과대학,지능형로봇학과
H000-1-9753-01,기필,대학물리학1,3,정란주,46,월4수3,소프트웨어융합대학,공통
H000-1-9753-02,기필,대학물리학1,3,이건준,73,수5,소프트웨어융합대학,공통
H000-1-9753-03,기필,대학물리학1,3,최은하,100,화4목3,소프트웨어융합대학,공통
H000-1-9753-04,기필,대학물리학1,3,미정,14,금5금6,소프트웨어융합대학,공통
H000-1-3415-01,기필,대학화학및실험1,3,사영진,73,화5,소프트웨어융합대학,공통
H000-1-4625-01,기필,대학수학및연습1,3,김순영,11,월2수1,소프트웨어융합대학,공통
H000-1-4625-02,기필,대학수학및연습1,3,채형직,70,월4수3,소프트웨어융합대학,공통
H000-1-4625-03,기필,대학수학및연습1,3,미정,49,월6수5,소프트웨어융합대학,공통
H000-1-4625-04,기필,대학수학및연습1,3,유다혜,75,화1목2,소프트웨어융합대학,공통
H000-1-4625-05,기필,대학수학및연습1,3,류송분,47,금1금2,소프트웨어융합대학,공통
H000-1-4625-06,기필,대학수학및연습1,3,안소영,38,금5금6,소프트웨어융합대학,공통
H000-2-4969-01,기필,공학수학1,3,돌지,95,월3수4,소프트웨어융합대학,전자융합공학과
H000-2-4969-02,기필,공학수학1,3,돌지,94,월5수6,소프트웨어융합대학,전자융합공학과
H000-2-4969-03,기필,공학수학1,3,미정,75,금3금4,소프트웨어융합대학,전자융합공학과
H000-1-4628-01,기선,기초수학및연습,3,최종성,97,금5금6,소프트웨어융합대학,전자융합공학과
H000-1-4651-01,기선,공학설계도면작성,3,박수원,88,화5목6,소프트웨어융합대학,전자융합공학과
H000-3-7905-01,기선,공학기술과사회,3,민상원,33,목5목6,소프트웨어융합대학,전자융합공학과
H000-1-2957-01,전선,공학설계입문,3,최상호,91,화2목1,소프트웨어융합대학,컴퓨터정보공학부
H000-1-2957-02,전선,공학설계입문,3,미정,55,월3수4,소프트웨어융합대학,소프트웨어학부
H000-1-3674-01,전선,창의설계입문,3,신원경,53,월2수1,소프트웨어융합대학,정보융합학부
H000-1-3674-02,전선,창의설계입문,3,김미화,64,금3금4,소프트웨어융합대학,정보융합학부
H020-3-1942-01,기선,확률및통계,3,신동화,25,화6목5,소프트웨어융합대학,컴퓨터정보공학부
H020-1-8101-01,전선,컴퓨터공학입문세미나,2,박철수,41,수6수7,소프트웨어융합대학,컴퓨터정보공학부
H020-2-0453-01,전필,디지털논리회로1,3,유지현,22,금5금6,소프트웨어융합대학,컴퓨터정보공학부
H020-2-0453-02,전필,디지털논리회로1,3,유지현,18,화1목2,소프트웨어융합대학,컴퓨터정보공학부
H020-2-0819-01,기선,선형대수학,3,박철수,89,목5,소프트웨어융합대학,컴퓨터정보공학부
H020-2-0819-02,기선,선형대수학,3,김상목,11,월5수6,소프트웨어융합대학,컴퓨터정보공학부
H020-2-1234-01,전선,진로탐색및설계,1,이기훈,50,화2화3,소프트웨어융합대학,컴퓨터정보공학부
H020-2-1994-01,전선,회로이론,3,황호영,35,월5수6,소프트웨어융합대학,컴퓨터정보공학부
H020-2-1994-02,전선,회로이론,3,황호영,23,월6수5,소프트웨어융합대학,컴퓨터정보공학부
H020-2-8086-01,전선,컴퓨터공학기초실험1,2,유지현,52,월0월1월2,소프트웨어융합대학,컴퓨터정보공학부
H020-2-8086-02,전선,컴퓨터공학기초실험1,2,이형근,65,수0수1수2,소프트웨어융합대학,컴퓨터정보공학부
H020-2-8086-03,전선,컴퓨터공학기초실험1,2,신동화,62,금0금1금2,소프트웨어융합대학,컴퓨터정보공학부
H020-2-8481-01,전필,객체지향프로그래밍설계,3,심동규,50,월3수4,소프트웨어융합대학,컴퓨터정보공학부
H020-2-8481-02,전필,객체지향프로그래밍설계,3,신동화,51,월4수3,소프트웨어융합대학,컴퓨터정보공학부
H020-2-8482-01,전선,객체지향프로그래밍실습,1,신동화,81,목7목8,소프트웨어융합대학,컴퓨터정보공학부
H020-2-8482-02,전선,객체지향프로그래밍실습,1,이기훈,13,금3금4,소프트웨어융합대학,컴퓨터정보공학부
H020-2-8482-03,전선,객체지향프로그래밍실습,1,이혁준,94,화7화8,소프트웨어융합대학,컴퓨터정보공학부
H020-3-0922-01,전필,시스템프로그래밍,3,김태석,80,월5수6,소프트웨어융합대학,컴퓨터정보공학부
H020-3-0922-02,전필,시스템프로그래밍,3,최상호,66,월2수1,소프트웨어융합대학,컴퓨터정보공학부
H020-3-1647-01,전필,컴퓨터구조,3,이성원,45,월3수4,소프트웨어융합대학,컴퓨터정보공학부
H020-3-1654-01,전선,컴퓨터네트워크,3,이혁준,11,화5목6,소프트웨어융합대학,컴퓨터정보공학부
H020-3-2004-01,전선,신호및시스템,3,이성원,75,월4수3,소프트웨어융합대학,컴퓨터정보공학부
H020-3-3704-01,전선,시스템프로그래밍실습,1,최상호,89,금1금2,소프트웨어융합대학,컴퓨터정보공학부
H020-3-3704-02,전선,시스템프로그래밍실습,1,이기훈,58,금5금6,소프트웨어융합대학,컴퓨터정보공학부
H020-3-3704-03,전선,시스템프로그래밍실습,1,김태석,61,금7금8,소프트웨어융합대학,컴퓨터정보공학부
H020-3-3831-01,전선,컴퓨터구조실험,1,이성원,85,수7수8,소프트웨어융합대학,컴퓨터정보공학부
H020-3-3831-02,전선,컴퓨터구조실험,1,이혁준,99,금3금4,소프트웨어융합대학,컴퓨터정보공학부
H020-3-8993-01,전선,소프트웨어프로젝트1,3,이우신,60,월1월7월8수2,소프트웨어융합대학,컴퓨터정보공학부
H020-4-0846-01,전선,소프트웨어공학,3,이기훈,55,월5수6,소프트웨어융합대학,컴퓨터정보공학부
H020-4-3112-01,전선,무선이동네트워크및5G,3,이형근,76,화5목6,소프트웨어융합대학,컴퓨터정보공학부
H020-4-4136-01,전선,컴퓨터비젼,3,심동규,83,월4수3,소프트웨어융합대학,컴퓨터정보공학부
H020-4-5861-01,전선,임베디드시스템S/W설계,3,김태석,59,월6수5,소프트웨어융합대학,컴퓨터정보공학부
H020-4-8483-01,전선,머신러닝,3,박철수,75,월3수4,소프트웨어융합대학,컴퓨터정보공학부
H020-4-8995-01,전선,산학협력캡스톤설계1,3,이형근,92,화6목5,소프트웨어융합대학,컴퓨터정보공학부
H030-3-1942-01,기선,확률및통계,3,미정,55,월2수1,소프트웨어융합대학,소프트웨어학부
H030-1-8998-01,전선,소프트웨어입문세미나,1,이윤구,95,월4,소프트웨어융합대학,소프트웨어학부
H030-2-0448-01,전선,디지털논리,3,김진우,79,월5수6,소프트웨어융합대학,소프트웨어학부
H030-2-0448-02,전선,디지털논리,3,김진우,36,월6수5,소프트웨어융합대학,소프트웨어학부
H030-2-1183-01,전선,이산구조,3,최민규,68,금1금2,소프트웨어융합대학,소프트웨어학부
H030-2-1183-02,전선,이산구조,3,김용혁,77,금1금2,소프트웨어융합대학,소프트웨어학부
H030-2-3403-01,전선,고급프로그래밍,3,이강훈,27,화5목6,소프트웨어융합대학,소프트웨어학부
H030-2-3403-02,전선,고급프로그래밍,3,미정,30,금3금4,소프트웨어융합대학,소프트웨어학부
H030-2-3403-03,전선,고급프로그래밍,3,최영근,42,월1월2,소프트웨어융합대학,소프트웨어학부
H030-2-8484-01,전선,리눅스활용실습,2,박병준,36,화0화1화2,소프트웨어융합대학,소프트웨어학부
H030-3-0969-01,전필,알고리즘,3,박병준,41,월5수6,소프트웨어융합대학,소프트웨어학부
H030-3-0969-02,전필,알고리즘,3,김용혁,90,월5수6,소프트웨어융합대학,소프트웨어학부
H030-3-1647-01,전선,컴퓨터구조,3,이윤구,96,수2,소프트웨어융합대학,소프트웨어학부
H030-3-1647-02,전선,컴퓨터구조,3,이윤구,83,수1,소프트웨어융합대학,소프트웨어학부
H030-3-3663-01,전선,데이터베이스,3,문승현,16,화5목6,소프트웨어융합대학,소프트웨어학부
H030-3-3663-02,전선,데이터베이스,3,문승현,69,화6목5,소프트웨어융합대학,소프트웨어학부
H030-3-4534-01,전선,데이터통신,3,최웅철,51,월6수5,소프트웨어융합대학,소프트웨어학부
H030-3-8485-01,전필,응용소프트웨어실습,3,이강훈,79,목0목1목2,소프트웨어융합대학,소프트웨어학부
H030-3-8485-02,전필,응용소프트웨어실습,3,김용혁,88,목0목1목2,소프트웨어융합대학,소프트웨어학부
H030-3-8485-03,전필,응용소프트웨어실습,3,미정,20,금0금1금2,소프트웨어융합대학,소프트웨어학부
H030-4-0846-01,전선,고프트웨어공학,3,이윤구,20,월3수4,소프트웨어융합대학,소프트웨어학부
H030-4-3113-01,전선,혼합현실,3,이강훈,24,화5목5,소프트웨어융합대학,소프트웨어학부
H030-4-3683-01,전선,딥러닝실습,2,문승현,89,금5금6,소프트웨어융합대학,소프트웨어학부
H030-4-3684-01,전선,정보시스템응용,3,최웅철,18,월5수6,소프트웨어융합대학,소프트웨어학부
H030-4-3685-01,전선,컴퓨터애니메이션실습,2,최민규,67,화1화2,소프트웨어융합대학,소프트웨어학부
H030-4-3830-01,전선,네트워크보안,3,김진우,34,월2수1,소프트웨어융합대학,소프트웨어학부
H030-4-4535-01,전선,무선네트워크,3,최웅철,37,월4수3,소프트웨어융합대학,소프트웨어학부
H030-4-4839-01,전선,컴퓨터애니메이션실습,3,최민규,15,화5목6,소프트웨어융합대학,소프트웨어학부
H030-4-8995-01,전선,산학협력캡스톤설계1,3,이동호,75,금3금4,소프트웨어융합대학,소프트웨어학부
H030-4-9151-01,전선,기계학습,3,박병준,22,월6,소프트웨어융합대학,소프트웨어학부
H040-1-3806-01,전선,전공미리보기(OT학기제),1,임동혁,41,X,소프트웨어융합대학,정보융합학부
H040-1-4002-01,기선,통계학개론,3,박지연,49,금1금2,소프트웨어융합대학,정보융합학부
H040-1-4002-02,기선,통계학개론,3,이명숙,94,금3금4,소프트웨어융합대학,정보융합학부
H040-2-1234-01,전선,진로탐색및설계,1,임동혁,29,화10화11,소프트웨어융합대학,정보융합학부
H040-2-1655-01,전선,컴퓨터네트워크,3,박재성,21,화3목4,소프트웨어융합대학,정보융합학부
H040-2-1655-02,전선,컴퓨터네트워크,3,박재성,28,화3목4,소프트웨어융합대학,정보융합학부
H040-2-3688-01,전필,AI수학,3,조민수,15,화4목3,소프트웨어융합대학,정보융합학부
H040-2-3688-02,전필,AI수학,3,조민수,60,화6목5,소프트웨어융합대학,정보융합학부
H040-2-4501-01,전선,빅데이터프로그래밍,3,임동혁,27,월5수6,소프트웨어융합대학,정보융합학부
H040-2-4501-02,전선,빅데이터프로그래밍,3,임동혁,60,월6수5,소프트웨어융합대학,정보융합학부
H040-2-7777-01,전필,객체지향프로그래밍,3,김준석,90,월2수1,소프트웨어융합대학,정보융합학부
H040-2-7777-02,전필,객체지향프로그래밍,3,김수환,89,화1목2,소프트웨어융합대학,정보융합학부
H040-2-7777-03,전필,객체지향프로그래밍,3,김준석,41,화2목1,소프트웨어융합대학,정보융합학부
H040-2-8461-01,전선,오픈소스소프트웨어,3,박규동,29,월4수3,소프트웨어융합대학,정보융합학부
H040-2-9160-01,전선,인터랙티브미디어개론,3,김현경,56,월3수4,소프트웨어융합대학,정보융합학부
H040-3-3951-01,전선,컴퓨터그래픽스,3,김동준,50,월1수2,소프트웨어융합대학,정보융합학부
H040-3-4139-01,전선,텍스트마이닝,3,조민수,72,월3수4,소프트웨어융합대학,정보융합학부
H040-3-4503-01,전선,IoT시스템설계및실습,3,박재성,94,수5수6수7,소프트웨어융합대학,정보융합학부
H040-3-5474-01,전선,컴퓨터비전,3,김수환,99,월4수3,소프트웨어융합대학,정보융합학부
H040-3-7737-01,전선,UX/UI디자인,3,김현경,44,월2수1,소프트웨어융합대학,정보융합학부
H040-3-9151-01,전선,기계학습,3,이상민,99,화3목4,소프트웨어융합대학,정보융합학부
H040-3-9151-02,전선,기계학습,3,이상민,67,화4목3,소프트웨어융합대학,정보융합학부
H040-3-9617-01,전선,실험설계및분석,3,박규동,79,월5월6,소프트웨어융합대학,정보융합학부
H040-4-3716-01,전선,인터랙티브AI,3,이상민,27,월4수3,소프트웨어융합대학,정보융합학부
H040-4-4028-01,전선,증강현실,3,김동준,37,화3목4,소프트웨어융합대학,정보융합학부
H040-4-4434-01,전선,딥러닝프로그래밍,3,김준석,42,화4목3,소프트웨어융합대학,정보융합학부
H040-4-8995-01,전선,산학협력캡스톤설계1,3,조재희,69,월1수2,소프트웨어융합대학,정보융합학부
H040-4-9925-01,전선,데이터시각화,3,조재희,66,월3수4,소프트웨어융합대학,정보융합학부
1000-1-4625-01,기필,대학수학및연습1,3,최현욱,97,금1금2,공과대학,공통
1000-1-4625-02,기필,대학수학및연습1,3,김원주,24,월4수3,공과대학,공통
1000-1-4625-03,기필,대학수학및연습1,3,권윤기,14,월5수6,공과대학,공통
1000-1-4628-01,기선,기초수학및연습,3,최종성,95,금5금6,공과대학,공통
1000-2-8584-01,전선,창업프로세스와지식재산권,3,조용천,33,화5화6,공과대학,공통
1000-3-3270-01,전선,전자및에너지재료공학,3,손희상,29,금3금4,공과대학,공통
1000-3-7905-01,기선,공학기술과사회,3,민상원,32,목5목6,공과대학,공통
1000-3-8831-01,전선,기술창업전략및실습,3,손희상,45,금7금8금9,공과대학,공통
1140-1-386-01,전선,전공미리보기(OT학기제,1,이기원,23,X,공과대학,화학공학과
1140-1-9753-01,기필,대학물리학1,3,백구연,71,월4수3,공과대학,화학공학과
1140-1-3415-01,기필,대학화학및실험1,3,박세규,20,월2수1수2,공과대학,화학공학과
1140-1-3415-02,기필,대학화학및실험1,3,손희상,92,월2수1수2,공과대학,화학공학과
1140-1-6527-01,기선,대학생물및실험,3,손희상,23,월6월7월8월9,공과대학,화학공학과
1140-2-4969-01,기필,공학수학1,3,이기원,76,월6수5,공과대학,화학공학과
1140-1-2957-01,전선,공학설계입문,3,김영훈,29,월6수5,공과대학,화학공학과
1140-2-0720-01,전선,분석화학,3,박세규,22,화2목1,공과대학,화학공학과
1140-2-1135-01,전필,유기화학1,3,김대흠,78,월4수3,공과대학,화학공학과
1140-2-1911-01,전필,화공양론,3,이기원,72,,공과대학,화학공학과
1140-2-4069-01,전선,AI화공개론,3,김연수,35,월5수6,공과대학,화학공학과
1140-2-4872-01,전필,화공기초이론및실험1,3,김대흠,18,월0월1월2,공과대학,화학공학과
1140-2-4872-02,전필,화공기초이론및실험1,3,김영훈,24,수0수1수2,공과대학,화학공학과
1140-2-4872-03,전필,화공기초이론및실험1,3,박세규,84,금0금1금2,공과대학,화학공학과
1140-3-0644-01,전선,반응공학,3,박세규,22,화4목3,공과대학,화학공학과
1140-3-0790-01,전선,생물화학고유학,3,미정,32,월6월7월8,공과대학,화학공학과
1140-3-1147-01,전선,유체역학,3,윤도영,56,월2수1,공과대학,화학공학과
1140-3-1266-01,전선,재료공학,3,손희상,33,금5금6,공과대학,화학공학과
1140-3-1915-01,전선,화공열역학1,3,김영훈,36,월4수3,공과대학,화학공학과
1140-3-4874-01,전필,단위조작이론및실험1,3,김연수,12,목0목1목2,공과대학,화학공학과
1140-3-4874-02,전필,단위조작이론및실험1,3,윤도영,92,화0화1화2,공과대학,화학공학과
1140-3-4874-03,전필,단위조작이론및실험1,3,손희상,40,금0금1금2,공과대학,화학공학과
1140-3-5694-1,전선,경력개발과취업전략,2,손희상,91,수6수7,공과대학,화학공학과
1140-4-0168-01,전선,고분자화학,3,김대흠,30,월6수5,공과대학,화학공학과
1140-4-1905-01,전선,화공설계,3,김연수,88,월1수2,공과대학,화학공학과
1140-4-1968-01,전선,환경화학공학,3,손희상,16,수4,공과대학,화학공학과
1140-4-4875-01,전선,생물화학공학이론및실험,3,박철환,32,화0화1화2,공과대학,화학공학과
1140-4-4875-02,전선,생물화학공학이론및실험,3,이기원,38,목0목1목2,공과대학,화학공학과
1140-4-5479-01,전선,물질전달공정,3,윤도영,21,월4수3,공과대학,화학공학과
1140-4-9722-01,전선,캡스톤설계심화,3,박철환,51,화5화6,공과대학,화학공학과
1160-1-3806-01,전선,전공미리보기(OT학기제),1,장민,31,X,공과대학,환경공학과
1160-1-3415-01,기필,대학화학및실험1,3,양재규,89,월1월2수2,공과대학,환경공학과
1160-1-6527-01,기필,대학생물및실험,3,장민,35,화5화6화7,공과대학,환경공학과
1160-2-4969-01,기선,공학수학1,3,코두루,43,목5목6,공과대학,환경공학과
1160-1-2957-01,전선,공학설계입문,3,장민,76,월5수6,공과대학,환경공학과
1160-2-0857-01,전선,수문학,3,이영수,81,금5금6,공과대학,환경공학과
1160-2-0875-01,기선,수차해석,3,김영희,79,월2수1,공과대학,환경공학과
1160-2-1952-01,전선,환경미생물학,3,강선흥,63,월3수4,공과대학,환경공학과
1160-2-3135-01,전선,환경화학공학,3,코두루,98,금3금4,공과대학,환경공학과
1160-2-3136-01,전선,환경단위조작,3,장윤영,71,화3목4,공과대학,환경공학과
1160-2-5486-01,전선,환경기초실험,3,양재규,46,화5화6화7,공과대학,환경공학과
1160-3-4002-01,기선,통계학개론,3,미정,65,월6수5,공과대학,환경공학과
1160-3-4126-01,전선,지반환경위해성평개,3,장윤영,35,화4목3,공과대학,환경공학과
1160-3-4881-01,전선,물리화학적수처리,3,강선홍,93,월4수3,공과대학,환경공학과
1160-3-4882-01,전필,대기오염및모델링실습,3,유경선,97,화3목4,공과대학,환경공학과
1160-3-8496-01,전선,환경법및정책,3,유경선,44,화5목6,공과대학,환경공학과
1160-4-1749-01,전선,폐기물처리시설설계,3,김동수,100,수5수6,공과대학,환경공학과
1160-4-1959-01,전선,환경영향평가,3,황정배,87,금5금6,공과대학,환경공학과
1160-4-3132-01,전선,수처리시설설계,3,김충곤,62,목1목2,공과대학,환경공학과
1160-4-3137-01,전선,에너지공학,3,유경선,13,화4목3,공과대학,환경공학과
1160-4-8498-01,전선,안전환경공학,3,이영수,25,금3금4,공과대학,환경공학과
1160-4-8499-01,전선,상하수도공학,3,강윤민,15,목5목6,공과대학,환경공학과
1170-1-3806-01,전선,전공미리보기(OT학기제),1,이슬기,11,X,공과대학,건축공학과
1170-1-3414-01,기필,대학물리및실험,3,구제환,84,화3화4목4,공과대학,건축공학과
1170-1-7466-01,기선,대학화학,3,미정,47,목1목2,공과대학,건축공학과
1170-2-4626-01,기선,대학수학및연습2,3,윤미,73,화3목4,공과대학,건축공학과
1170-1-4628-01,기선,기초수학및연습,3,최종성,47,월1수2,공과대학,건축공학과
1170-1-6503-01,전선,건축공학개론,3,김재요,68,월4수3,공과대학,건축공학과
1170-2-0086-01,전선,건축환경1,3,김지혜,43,수3,공과대학,건축공학과
1170-2-0276-01,전필,구조역학1,3,양원직,73,월1월2월3,공과대학,건축공학과
1170-2-3701-01,전필,일반구조,3,김창덕,38,월5월6,공과대학,건축공학과
1170-2-4436-01,전선,CAD&BIM,3,이슬기,76,금4금5금6,공과대학,건축공학과
1170-2-4870-01,전선,건축설계및도서작성1,3,김영진,31,화5화6화7화8화9,공과대학,건축공학과
1170-2-4870-02,전선,건축설계및도서작성1,3,김학수,37,화5화6화7화8화9,공과대학,건축공학과
1170-2-4870-03,전선,건축설계및도서작성1,3,양재석,55,화5화6화7화8화9,공과대학,건축공학과
1170-3-2924-01,전선,철근콘크리트구조1,3,양원직,36,수4수5,공과대학,건축공학과
1170-3-2927-01,전필,건설관리,3,유정호,67,목4,공과대학,건축공학과
1170-3-3316-01,전필,건축설비1,3,미정,56,수2수3,공과대학,건축공학과
1170-3-3544-01,전선,건축재료,3,유정호,16,화5화6화7,공과대학,건축공학과
1170-3-4437-01,전선,건축IT,3,이슬기,94,금1금2금3,공과대학,건축공학과
1170-3-5199-01,전선,건축계획및법규1,3,김민경,41,금4금5,공과대학,건축공학과
1170-3-5200-01,전선,건축환경실험및실습,3,김지혜,50,월5월6월7,공과대학,건축공학과
1170-3-5694-01,전선,경력개발과취업전략,2,유정호,24,수6수7,공과대학,건축공학과
1170-4-2926-01,전선,건축동역학,3,김재요,76,X,공과대학,건축공학과
1170-4-5501-01,전선,프로젝트설계,3,유정호,11,목5목6,공과대학,건축공학과
1170-4-5502-01,전선,건축구조설계,3,김재요,83,월5월6,공과대학,건축공학과
1170-4-5503-01,전선,건축공학캡스톤설계,3,김지혜,40,화5화6,공과대학,건축공학과
1270-1-3806-01,전선,전공미리보기(OT학기제),1,서유진,84,X,공과대학,건축학과
1270-1-3631-01,전필,기초설계1,3,이상희,48,수2수3수4수5,공과대학,건축학과
1270-1-3631-02,전필,기초설계1,3,김진모,95,수2수3수4수5,공과대학,건축학과
1270-1-3631-03,전필,기초설계1,3,김진수,88,수2수3수4수5,공과대학,건축학과
1270-1-4544-01,전선,건축학개론,3,채철균,37,화1화2,공과대학,건축학과
1270-1-4545-01,전필,디지털디자인,3,이상희,96,목4목5,공과대학,건축학과
1270-1-4546-01,전필,공간과형태,3,이상희,91,금3금4,공과대학,건축학과
1270-2-0068-01,전필,건축설계1,6,김진모,66,월3월4월5월6목3목4목5목6,공과대학,건축학과
1270-2-0068-02,전필,건축설계1,6,신용기,93,월3월4월5월6목3목4목5목6,공과대학,건축학과
1270-2-0068-03,전필,건축설계1,6,장세환,34,월3월4월5월6목3목4목5목6,공과대학,건축학과
1270-2-0812-01,전필,서양건축사,3,조성용,67,화4화5,공과대학,건축학과
1270-2-3718-01,전선,디지털텍토닉,3,신해철,43,수1수2,공과대학,건축학과
1270-2-7700-01,전필,시설계획론,3,서유진,100,수4수5,공과대학,건축학과
1270-3-0070-01,전필,건축설계3,6,조성용,23,월3월4월5월6목3목4목5목6,공과대학,건축학과
1270-3-0070-02,전필,건축설계3,6,권웅규,15,월3월4월5월6목3목4목5목6,공과대학,건축학과
1270-3-0070-03,전필,건축설계3,6,진우성,17,월3월4월5월6목3목4목5목6,공과대학,건축학과
1270-3-0070-04,전필,건축설계3,6,미정,58,월3월4월5월6목3목4목5목6,공과대학,건축학과
1270-3-3544-01,전필,건축재료,3,백영수,84,수7수8수9,공과대학,건축학과
1270-3-4063-01,전필,구조시스템,3,양원직,67,화5화6,공과대학,건축학과
1270-3-4548-01,전선,건축공간론,3,김진모,19,화3화4목4,공과대학,건축학과
1270-4-0397-01,전필,단지계획,3,이현정,22,목4목5,공과대학,건축학과
1270-4-2158-01,전필,건축설계5,6,채철균,80,화3화4화5화6금3금4금5금6,공과대학,건축학과
1270-4-2158-02,전필,건축설계5,6,윤종인,39,화3화4화5화6금3금4금5금6,공과대학,건축학과
1270-4-2158-03,전필,건축설계5,6,최재혁,59,화3화4화5화6금3금4금5금6,공과대학,건축학과
1270-4-2158-04,전필,건축설계5,6,임상진,35,화3화4화5화6금3금4금5금6,공과대학,건축학과
1270-4-4031-01,전필,건축환경,3,이용광,73,수5수6,공과대학,건축학과
1270-4-4549-01,전선,건축디자인론,3,서유진,39,월4월5,공과대학,건축학과
1270-4-9626-01,전선,BIM설계,3,신해철,74,수3수4,공과대학,건축학과
1270-5-4867-01,전필,건축설계7,6,서유진,28,화3화4화5화6금3금4금5금6,공과대학,건축학과
1270-5-4867-02,전필,건축설계7,6,김명재,43,화3화4화5화6금3금4금5금6,공과대학,건축학과
1270-5-4867-03,전필,건축설계7,6,김정구,72,화3화4화5화6금3금4금5금6,공과대학,건축학과
1270-5-4867-04,전필,건축설계7,6,미정,45,화3화4화5화6금3금4금5금6,공과대학,건축학과
1270-5-9169-01,전선,동양철학과건축,3,우성훈,45,수5수6,공과대학,건축학과
6000-1-4628-01,기선,기초수학및연습,3,미정,21,금3금4,자연과학대학,공통
6030-1-3806-01,전선,전공미리보기(OT학기제),1,이현근,46,X,자연과학대학,수학과
6030-1-4625-01,기선,대학수학및연습1,3,이진우,48,화4목3,자연과학대학,수학과
6030-1-6721-01,전선,수학적읽기와글쓰기,3,이진우,98,화3목4,자연과학대학,수학과
6030-2-0696-01,전선,보험수학,3,이호석,66,화4목3,자연과학대학,수학과
6030-2-0779-01,전선,상미분방정식론,3,이종우,22,화5목6,자연과학대학,수학과
6030-2-0820-01,전선,선형대수학1,3,송영권,53,화3목4,자연과학대학,수학과
6030-2-1186-01,전선,이산수학,3,김상목,48,월1수2,자연과학대학,수학과
6030-2-1234-01,전선,진로탐색및설계,1,이현근,24,월7월8,자연과학대학,수학과
6030-2-1506-01,전선,정수론,3,김태균,28,화6목5,자연과학대학,수학과
6030-2-1821-01,전필,해석학1,3,이흥수,10,화2목1,자연과학대학,수학과
6030-2-9639-01,전선,일반기하학,3,최윤철,31,월3수4,자연과학대학,수학과
6030-3-0878-01,전선,수치해석2,3,이현근,26,화4목3,자연과학대학,수학과
6030-3-1120-01,전선,위상수학,3,최윤철,73,월5수6,자연과학대학,수학과
6030-3-1862-01,전필,현대대수학1,3,송영권,23,월3수4,자연과학대학,수학과
6030-3-1862-02,전필,현대대수학1,3,김태균,41,화3목4,자연과학대학,수학과
6030-3-4264-01,전선,복소해석학1,3,이흥수,44,화6목5,자연과학대학,수학과
6030-3-5694-01,전선,경력개발과취업전략,2,이현근,36,금6금7,자연과학대학,수학과
6030-3-8504-01,전선,부호론과암호론,3,김상목,11,월2수1,자연과학대학,수학과
6030-4-0410-01,전선,대수학특강,3,송영권,22,화5목6,자연과학대학,수학과
6030-4-0854-01,전선,수리통계학,3,이현근,75,화3목4,자연과학대학,수학과
6030-4-4883-01,전선,수학적모델설계,3,이종우,15,금3금4,자연과학대학,수학과
6030-4-6544-01,전선,금융수학개론,3,이호석,79,월4수3,자연과학대학,수학과
6050-1-3806-01,전선,전공미리보기(OT학기제),1,이윤미,48,X,자연과학대학,화학과
6050-1-4625-01,기선,대학수학및연습1,3,이호석,20,화6목5,자연과학대학,화학과
6050-1-5220-01,기선,일반물리및실험1,4,권기정,67,월2월5월6수1,자연과학대학,화학과
6050-1-1223-01,기선,일반화학및실험1,4,손성윤,89,화3목1목2목4,자연과학대학,화학과
6050-2-0721-01,전필,분석화학1,3,김양래,64,화4목3,자연과학대학,화학과
6050-2-1135-01,전선,유기화학1,3,이윤미,46,월3수4,자연과학대학,화학과
6050-2-1234-01,전선,진로탐색및설계,1,이윤미,17,월1,자연과학대학,화학과
6050-2-1936-01,전선,하학열역학,3,신재호,68,월4수3,자연과학대학,화학과
6050-2-9645-01,전필,유기반응디자인및실험1,3,전흥배,75,월2화0화1화2,자연과학대학,화학과
6050-2-9645-02,전필,유기반응디자인및실험1,3,손성윤,15,월2화5화6화7,자연과학대학,화학과
6050-2-9645-03,전필,유기반응디자인및실험1,3,이윤미,69,월2목0목1목2,자연과학대학,화학과
6050-3-0546-01,전필,무기화학1,3,사영진,75,월1수2,자연과학대학,화학과
6050-3-0985-01,전필,양자화학2,3,신재호,75,월3수4,자연과학대학,화학과
6050-3-2941-01,전선,유기화학3,3,손성윤,59,화4목3,자연과학대학,화학과
6050-3-2842-01,전선,신소재화학1,3,김인태,29,화6목5,자연과학대학,화학과
6050-3-7710-01,전선,기기분석,3,김양래,85,화3목4,자연과학대학,화학과
6050-3-9647-01,전선,화학분석이론및실험1,3,신재호,56,월5월6월7수8,자연과학대학,화학과
6050-3-9647-02,전선,화학분석이론및실험1,3,신재호,18,수5수6수7수8,자연과학대학,화학과
6050-4-2352-01,전선,공업화학,3,김인태,23,화3목4,자연과학대학,화학과
6050-4-3724-01,전선,고체화학개론,3,사영진,94,화4목3,자연과학대학,화학과
6050-4-5694-01,전선,경력개발과취업전략,2,이윤미,52,금6금7,자연과학대학,화학과
6050-4-7376-01,전선,유기합성,3,전흥배,98,월4수3,자연과학대학,화학과
6050-4-7377-01,전선,유기금속화학,3,이윤미,14,월5수6,자연과학대학,화학과
6050-4-9649-01,전선,복합재료화학이론및실험1,3,김인태,34,월8금0금1금2,자연과학대학,화학과
6050-4-9649-02,전선,복합재료화학이론및실험1,3,사영진,95,월8금3금4금5,자연과학대학,화학과
6100-1-3906-01,전선,전공미리보기(OT학기제),1,이건준,73,X,자연과학대학,전자바이오물리학과
6100-1-4625-01,기선,대학수학및연습1,3,이종우,90,화3목4,자연과학대학,전자바이오물리학과
6100-1-5220-01,기필,알반물리및실험1,4,조광섭,28,월3화1화2수4,자연과학대학,전자바이오물리학과
6100-1-1223-01,기필,일반화학및실험1,4,손성윤,12,월4수3목5목6,자연과학대학,전자바이오물리학과
6100-2-1234-01,전선,진로탐색및설계,1,이건준,61,금1금2,자연과학대학,전자바이오물리학과
6100-2-1458-01,전선,전자학1,3,최은하,97,화1목2,자연과학대학,전자바이오물리학과
6100-2-1460-01,전선,전자학실험1,2,최은하,87,목7목8목9목10,자연과학대학,전자바이오물리학과
6100-2-4564-01,전필,역학,3,권기청,17,화3목4,자연과학대학,전자바이오물리학과
6100-2-4565-01,전선,물리수학1,3,서윤호,21,월1수2,자연과학대학,전자바이오물리학과
6100-2-6156-01,전선,전산물리,3,김도영,57,금3금4,자연과학대학,전자바이오물리학과
6100-2-7373-01,전선,세포생물학,3,박봉주,57,금5금6,자연과학대학,전자바이오물리학과
6100-2-9641-01,전선,현대물리개론,3,조재원,48,화6목5,자연과학대학,전자바이오물리학과
6100-3-0635-01,전선,반도체소자물리학1,3,조재원,30,화4목3,자연과학대학,전자바이오물리학과
6100-3-0974-01,전필,양자역학,3,박병주,32,화5목6,자연과학대학,전자바이오물리학과
6100-3-1412-01,전필,전자기학2,3,정란주,26,월6수5,자연과학대학,전자바이오물리학과
6100-3-2015-01,전선,열물리학,3,서윤호,25,월3수4,자연과학대학,전자바이오물리학과
6100-3-6546-01,전선,디지털회로설계및실험1,4,김윤기,83,화6화7화8화9목5,자연과학대학,전자바이오물리학과
6100-3-9643-01,전선,생분자물리학,3,박경순,35,월5수6,자연과학대학,전자바이오물리학과
6100-4-0187-01,전선,고체물리학,3,김윤기,26,월4수3,자연과학대학,전자바이오물리학과
6100-4-3282-01,전선,플라즈마융합과학,3,나젠드라,46,금1금2,자연과학대학,전자바이오물리학과
6100-4-4570-01,전선,디스플레이반도체공정,3,권기청,98,화4목3,자연과학대학,전자바이오물리학과
6100-4-4571-01,전선,반도체소자실험,2,박병주,96,수7수8수9수10,자연과학대학,전자바이오물리학과
6100-4-6548-01,전선,학부논문연구1,1,김윤기,14,금5금6,자연과학대학,전자바이오물리학과
6100-4-8506-01,전선,현대광학,3,이건준,28,금3금4,자연과학대학,전자바이오물리학과
6130-1-3806-01,전선,전공미리보기(OT학기제),1,이옥진,62,X,자연과학대학,스포츠융합과학과
6130-1-4460-01,전선,여가레크리에이션,3,미정,63,월5월6,자연과학대학,스포츠융합과학과
6130-1-4460-02,전선,여가레크리에이션,3,이경훈,50,수7수8수9,자연과학대학,스포츠융합과학과
6130-1-4461-01,전선,오리엔티어링1,2,이옥진,22,화3화4,자연과학대학,스포츠융합과학과
6130-1-4461-02,전선,오리엔티어링1,2,이옥진,15,화1화2,자연과학대학,스포츠융합과학과
6130-2-3211-01,전필,스포츠사회학,3,구승광,61,수5수6,자연과학대학,스포츠융합과학과
6130-2-3211-02,전필,스포츠사회학,3,이경훈,23,월7월8월9,자연과학대학,스포츠융합과학과
6130-2-3289-01,전선,전공윈드서핑,3,최재희,85,화1화2,자연과학대학,스포츠융합과학과
6130-2-3289-02,전선,전공윈드서핑,3,최철순,25,목7목8목9,자연과학대학,스포츠융합과학과
6130-2-6157-01,전필,스포츠및운동심리학,3,이옥진,56,화5화6,자연과학대학,스포츠융합과학과
6130-2-6157-02,전필,스포츠및운동심리학,3,이옥진,42,수7수8수9,자연과학대학,스포츠융합과학과
6130-2-6550-01,전선,전공축구1,3,남용우,68,금7금8금9,자연과학대학,스포츠융합과학과
6130-2-8508-01,전선,운동기능해부학,3,이진,78,수2수3,자연과학대학,스포츠융합과학과
6130-2-8508-02,전선,운동기능해부학,3,박석,50,화10화11화12,자연과학대학,스포츠융합과학과
6130-2-8514-01,전선,라켓스포츠1,3,최철순,41,목5목6,자연과학대학,스포츠융합과학과
6130-2-8514-02,전선,라켓스포츠1,3,최철순,13,화7화8화9,자연과학대학,스포츠융합과학과
6130-2-9653-01,전선,스포츠빅데이터분석,3,양혜주,75,화3화4,자연과학대학,스포츠융합과학과
6130-3-4464-01,전선,체육측정평가,3,한지영,71,목3목4,자연과학대학,스포츠융합과학과
6130-3-4464-01,전선,스포츠융합과학캡스톤설계,3,이옥진,74,수5수6,자연과학대학,스포츠융합과학과
6130-3-4464-02,전선,스포츠융합과학캡스톤설계,3,이옥진,90,화7화8화9,자연과학대학,스포츠융합과학과
6130-3-5203-01,전선,전공골프,3,김재형,47,월3월4,자연과학대학,스포츠융합과학과
6130-3-5203-02,전선,전공골프,3,이경훈,39,월10월11월12,자연과학대학,스포츠융합과학과
6130-3-5491-01,전선,스포츠경영학,3,이인엽,87,금3금4,자연과학대학,스포츠융합과학과
6130-3-5497-01,전선,스포츠영양학,3,김희재,90,화3화4,자연과학대학,스포츠융합과학과
6130-3-5497-02,전선,스포츠영양학,3,박석,16,수10수11수12,자연과학대학,스포츠융합과학과
6130-3-7379-01,전선,스쿠버다이빙,3,구송광,84,수3수4,자연과학대학,스포츠융합과학과
6130-3-7379-02,전선,스쿠버다이빙,3,이경훈,39,목10목11목12,자연과학대학,스포츠융합과학과
6130-4-4072-01,전선,스포츠컨디셔닝,3,노기웅,51,화5화6,자연과학대학,스포츠융합과학과
6130-4-5694-01,전선,경력개발과취업전략,2,박석,84,금6금7,자연과학대학,스포츠융합과학과
6130-4-5916-01,전선,현장실습1,3,최석환,11,목3목4,자연과학대학,스포츠융합과학과
6130-4-5916-02,전선,현장실습1,3,이경훈,94,수10수11수12,자연과학대학,스포츠융합과학과
6130-4-9656-01,전선,병태생리학,3,김아람,14,화1화2,자연과학대학,스포츠융합과학과
6130-4-9656-02,전선,병태생리학,3,박석,64,화7화8화9,자연과학대학,스포츠융합과학과
6120-1-3251-01,기선,멀티미디어개론,3,손광철,13,토1토2,자연과학대학,정보콘텐츠학과
6120-1-5655-01,기선,현대사회와윤리,3,김영민,36,토5토6,자연과학대학,정보콘텐츠학과
6120-1-6962-01,기선,창의적아이디어발상,3,김지원,36,토3토4,자연과학대학,정보콘텐츠학과
6120-1-6961-01,전필,문화콘텐츠의이해,3,정형원,69,수9수10수11,자연과학대학,정보콘텐츠학과
6120-2-7384-01,전필,디자인의이해,3,구아민,39,토1토2,자연과학대학,정보콘텐츠학과
6120-2-7385-01,전선,인터페이스개론,3,조수영,71,화9화10화11,자연과학대학,정보콘텐츠학과
6120-2-7713-01,전선,암호학개론,3,김효석,28,토3토4,자연과학대학,정보콘텐츠학과
6120-2-8515-01,전선,지식정보콘텐츠,3,심선애,49,토5토6,자연과학대학,정보콘텐츠학과
6120-3-3195-01,전선,전자상거래보안,3,이장원,58,토5토6,자연과학대학,정보콘텐츠학과
6120-3-4588-01,전선,디지털스토리텔링,3,정형원,18,X,자연과학대학,정보콘텐츠학과
6120-3-5409-01,전선,웹프로그래밍,3,원일석,55,토1토2토3,자연과학대학,정보콘텐츠학과
6120-3-7714-01,전필,콘텐츠기획개론,3,정형원,44,화9화10화11,자연과학대학,정보콘텐츠학과
6120-3-9184-01,전선,디지털이미지처리,3,조수영,93,토3토4,자연과학대학,정보콘텐츠학과
6120-4-3198-01,전선,사이버포렌식실습,3,김도영,91,토5토6토7,자연과학대학,정보콘텐츠학과
6120-4-7083-01,전선,컴퓨터그래픽스2,3,미정,64,토1토2,자연과학대학,정보콘텐츠학과
6120-4-7777-01,전선,객체지향프로그래밍,3,조수영,83,수9수10수11,자연과학대학,정보콘텐츠학과
6120-4-7897-01,전선,실무프로젝트1,3,손광철,28,토3토4,자연과학대학,정보콘텐츠학과
6120-4-8517-01,전선,콘텐츠산업마케팅,3,정형원,14,X,자연과학대학,정보콘텐츠학과
3040-1-3806-01,전선,전공미리보기(OT학기제),1,장석원,89,X,인문사회과학대학,국어국문학과
3040-1-0560-01,전선,문학개론,3,장석원,49,화3목4,인문사회과학대학,국어국문학과
3040-1-0560-01,전선,기초한문1,3,강혜진,15,화5목6,인문사회과학대학,국어국문학과
3040-1-9701-01,전필,한국고전문학전공기초,3,최진영,96,화2목1,인문사회과학대학,국어국문학과
3040-1-9706-01,전필,한국어학의기초,3,김소영,83,화1목2,인문사회과학대학,국어국문학과
3040-2-0282-01,전선,국문학개론,3,강혜진,81,화3목4,인문사회과학대학,국어국문학과
3040-2-1234-01,전선,진로탐색및설계,1,김소영,32,금1금2,인문사회과학대학,국어국문학과
3040-2-1867-01,전필,현대문학사,3,장석원,55,화4목3,인문사회과학대학,국어국문학과
3040-2-1867-02,전필,현대문학사,3,채상우,95,금5금6,인문사회과학대학,국어국문학과
3040-2-2786-01,전필,국어학의이해,3,김소영,23,화2목1,인문사회과학대학,국어국문학과
3040-2-2786-02,전필,국어학의이해,3,소열녕,23,월2수1,인문사회과학대학,국어국문학과
3040-2-3732-01,전선,국어와언어분석,3,박성현,95,월3수4,인문사회과학대학,국어국문학과
3040-2-5506-01,전선,비평의이론과실제,3,문종필,58,금3금4,인문사회과학대학,국어국문학과
3040-2-5508-01,전선,우리옛노래의정취,3,여기현,29,화5화6,인문사회과학대학,국어국문학과
3040-3-0179-01,전선,고전소설론,3,강혜진,57,월3수4,인문사회과학대학,국어국문학과
3040-3-0181-01,전선,고전시가론,3,미정,30,월4,인문사회과학대학,국어국문학과
3040-3-6959-01,전선,국어문장구조의이해,3,최기용,23,목5목6,인문사회과학대학,국어국문학과
3040-3-6960-01,전선,훈민정음과중세국어,3,김소영,40,월2수1,인문사회과학대학,국어국문학과
3040-3-8294-01,전선,출판종합설계및미디어현장실습,3,채상우,65,금3금4,인문사회과학대학,국어국문학과
3040-4-4073-01,전선,국어와언어교육,3,박성현,62,월4수3,인문사회과학대학,국어국문학과
3040-4-5513-01,전선,문예창작연습,3,장석원,85,화5목6,인문사회과학대학,국어국문학과
3220-1-3806-01,전선,전공미리보기(OT학기제),1,임효정,72,X,인문사회과학대학,영어산업학과
3220-1-9657-01,전선,영어산업입문,3,김선웅,73,금1금2,인문사회과학대학,영어산업학과
3220-2-1030-01,전필,영문법,3,김용범,94,화3화4,인문사회과학대학,영어산업학과
3220-2-1234-01,전선,진로탐색및설계,1,신승한,94,금5금6,인문사회과학대학,영어산업학과
3220-2-2795-01,전필,영문학개론,3,김홍기,80,월1수2,인문사회과학대학,영어산업학과
3220-2-5236-01,전필,영어학입문,3,김선웅,79,월4수3,인문사회과학대학,영어산업학과
3220-2-6921-01,전선,미국문학과대중문화,3,김홍기,12,월2수1,인문사회과학대학,영어산업학과
3220-2-8520-01,전선,음성학과발음지도,3,손가연,12,화1목2,인문사회과학대학,영어산업학과
3220-3-9195-01,전선,영어교육프로그램개발,3,임효정,69,월3수4,인문사회과학대학,영어산업학과
3220-3-9196-01,전선,디지털에디팅,3,손가연,46,화3목4,인문사회과학대학,영어산업학과
3220-3-9716-01,전선,문장구조분석,3,김선웅,16,월6수5,인문사회과학대학,영어산업학과
3220-4-9658-01,전선,셰익스피어산업,3,신승한,49,화6목5,인문사회과학대학,영어산업학과
3220-4-9659-01,전선,영어교육과사회봉사,3,임효정,74,화1목2,인문사회과학대학,영어산업학과
3220-4-9718-01,전선,영어산업캡스톤프로젝트,3,김선웅,49,금3금4,인문사회과학대학,영어산업학과
3220-4-9733-01,전선,영문학과스토리텔링,3,신승한,93,화2목1,인문사회과학대학,영어산업학과
3110-1-3806-01,전선,전공미리보기(OT학기제),1,이상희,11,X,인문사회과학대학,산업심리학과
3110-1-0959-01,전선,심리학개론1,3,이형철,30,화4목3,인문사회과학대학,산업심리학과
3110-2-0956-01,전필,심리통계학,3,노환호,68,월1수2,인문사회과학대학,산업심리학과
3110-2-1234-01,전선,진로탐색및설계,1,이상희,11,X,인문사회과학대학,산업심리학과
3110-2-1781-01,전선,학습심리학,3,김신우,13,월4,인문사회과학대학,산업심리학과
3110-2-3245-01,전필,인사심리학,3,유태용,76,월3수4,인문사회과학대학,산업심리학과
3110-2-4145-01,전선,발달심리학,3,이상희,69,화3목4,인문사회과학대학,산업심리학과
3110-3-1201-01,전선,인지심리학,3,김신우,81,월6,인문사회과학대학,산업심리학과
3110-3-1577-01,전선,직무분석,3,유태용,98,월5수6,인문사회과학대학,산업심리학과
3110-3-2739-01,전선,지각심리학,3,이형철,20,화6목5,인문사회과학대학,산업심리학과
3110-3-3742-01,전선,소비자인사이트와설득,3,이병관,91,월4수3,인문사회과학대학,산업심리학과
3110-3-5694-01,전선,경력개발과취업전략,2,이상희,35,목6목7,인문사회과학대학,산업심리학과
3110-3-6924-01,전선,코칭심리,3,탁진국,81,월2수1,인문사회과학대학,산업심리학과
3110-3-8086-01,전선,소비자의사결정심리학,3,임가영,77,화5목6,인문사회과학대학,산업심리학과
3110-4-0233-01,전선,광고심리학,3,정지나,24,화1,인문사회과학대학,산업심리학과
3110-4-3246-01,전선,인사평과와성과관리,3,한태영,26,화5목6,인문사회과학대학,산업심리학과
3110-4-4230-01,전선,성격심리,3,하규영,22,월6수5,인문사회과학대학,산업심리학과
3110-4-4235-01,전선,진로상담,3,하규영,29,월5수6,인문사회과학대학,산업심리학과
3110-4-4616-01,전선,이상심리,3,이상희,88,화4목3,인문사회과학대학,산업심리학과
3110-4-8068-01,전선,캡스톤설계조작심리세미나,3,이승철,85,화3화4,인문사회과학대학,산업심리학과
3230-1-3806-01,전선,전공미리보기(OT학기제),1,오은석,29,X,인문사회과학대학,미디어커뮤니케이션학부
3230-1-3743-01,전선,광운대미디어커뮤니케이션학부의모든것,3,김현주,45,화7화8화9,인문사회과학대학,미디어커뮤니케이션학부
3230-1-3965-01,전선,미디어콘텐츠산업의혁신과미래,3,정동훈,33,목1,인문사회과학대학,미디어커뮤니케이션학부
3230-1-9165-01,전선,비주얼커뮤니케이션디자인,3,오문석,16,월5월6월7,인문사회과학대학,미디어커뮤니케이션학부
3230-1-9165-02,전선,비주얼커뮤니케이션디자인,3,오문석,57,화0화1화2,인문사회과학대학,미디어커뮤니케이션학부
3230-1-9165-03,전선,비주얼커뮤니케이션디자인,3,오문석,71,화5화6화7,인문사회과학대학,미디어커뮤니케이션학부
3230-1-9603-01,전필,미디어커뮤니케이션의이해,3,문상현,79,월4수3,인문사회과학대학,미디어커뮤니케이션학부
3230-1-9603-02,전필,미디어커뮤니케이션의이해,3,문상현,19,화6목5,인문사회과학대학,미디어커뮤니케이션학부
3230-1-9603-03,전필,미디어커뮤니케이션의이해,3,오창학,85,월1수2,인문사회과학대학,미디어커뮤니케이션학부
3230-2-3247-01,전선,커뮤니케이션과혁신,3,황동욱,86,월0월1월2,인문사회과학대학,미디어커뮤니케이션학부
3230-2-3247-02,전선,커뮤니케이션과혁신,3,황동욱,65,화0화1화2,인문사회과학대학,미디어커뮤니케이션학부
3230-2-3746-01,전선,글로벌디지털트랜스포메이션,3,정동훈,90,목2,인문사회과학대학,미디어커뮤니케이션학부
3230-2-4439-01,전선,광고심리,3,미정,16,화4목3,인문사회과학대학,미디어커뮤니케이션학부
3230-2-4495-01,전선,OTT미디어와데이터사이언스,3,김상연,91,금0금1금2,인문사회과학대학,미디어커뮤니케이션학부
3230-2-4500-01,전선,전략커뮤니케이션트렌드,3,이종혁,83,화2목1,인문사회과학대학,미디어커뮤니케이션학부
3230-2-7702-01,전선,컴퓨터그래픽디자인,3,오은석,95,목5목6목7,인문사회과학대학,미디어커뮤니케이션학부
3230-2-7702-02,전선,컴퓨터그래픽디자인,3,오은석,29,금4금5금6,인문사회과학대학,미디어커뮤니케이션학부
3230-2-9667-01,전선,대중영화의이해,3,레이몬드,67,목4,인문사회과학대학,미디어커뮤니케이션학부
3230-2-9667-02,전선,대중영화의이해,3,레이몬드,77,목5,인문사회과학대학,미디어커뮤니케이션학부
3230-2-9670-01,전선,디지털영상촬영및편집,3,원종욱,38,월3월4월5,인문사회과학대학,미디어커뮤니케이션학부
3230-2-9670-02,전선,디지털영상촬영및편집,3,원종욱,29,월6월7월8월9,인문사회과학대학,미디어커뮤니케이션학부
3230-3-3793-01,전선,미디어엔터테인먼트콘텐츠다시보기,3,정일권,24,화2목1,인문사회과학대학,미디어커뮤니케이션학부
3230-3-4080-01,전선,문화다양성과커뮤니케이션,3,김상연,22,금3금4,인문사회과학대학,미디어커뮤니케이션학부
3230-3-4443-01,전선,디지털광고PR기획,3,미정,44,화2목1,인문사회과학대학,미디어커뮤니케이션학부
3230-3-4470-01,전선,동아시아미디어론,3,오창학,34,월2수1,인문사회과학대학,미디어커뮤니케이션학부
3230-3-4497-01,전선,캠페인인문학,3,이종혁,47,화1목2,인문사회과학대학,미디어커뮤니케이션학부
3230-3-8528-01,전선,실감미디어론,3,황동욱,73,월5수6,인문사회과학대학,미디어커뮤니케이션학부
3230-3-9664-01,전선,UX/UI기획및제작,3,오은석,11,화5화6화7,인문사회과학대학,미디어커뮤니케이션학부
3230-3-9690-01,전선,뉴스비판과제작연습,3,박창식,42,금5금6,인문사회과학대학,미디어커뮤니케이션학부
3230-3-993-01,전선,미디어리터러시,3,정일권,27,월5수6,인문사회과학대학,미디어커뮤니케이션학부
3230-4-3252-01,전선,엔터테인먼트기획세미나,3,문상현,32,월6수5,인문사회과학대학,미디어커뮤니케이션학부
3230-4-9692-01,전선,디지털미디어와여론,3,정일권,40,월6수5,인문사회과학대학,미디어커뮤니케이션학부
3210-1-3806-01,전선,전공미리보기(OT학기제),1,강성률,38,X,인문사회과학대학,동북아문화산업학부
3210-1-9214-01,전필,일본어기초1,3,최정아,59,화3목4,인문사회과학대학,동북아문화산업학부
3210-1-9215-01,전필,중국어기초1,3,전보옥,42,월3수4,인문사회과학대학,동북아문화산업학부
3210-1-9215-02,전필,중국어기초1,3,김원희,73,월4수3,인문사회과학대학,동북아문화산업학부
3210-1-9697-01,전선,동북아문화산업과진로,3,김희교,28,목1목2,인문사회과학대학,동북아문화산업학부
3210-1-6564-01,전선,사진영상제작실습,3,심재현,28,화0화1화2,인문사회과학대학,동북아문화산업학부
3210-2-1234-01,전선,진로탐색및설계,1,강성률,53,월3월4,인문사회과학대학,동북아문화산업학부
3210-2-4083-01,전선,아시아문화와문화컨텐츠기획연습,3,김희교,29,화1화2,인문사회과학대학,동북아문화산업학부
3210-2-4987-01,전선,문화마케팅,3,박순,57,수1수2,인문사회과학대학,동북아문화산업학부
3210-2-5551-01,전선,중급일본어연습,3,최정아,66,월5수6,인문사회과학대학,동북아문화산업학부
3210-2-5551-02,전선,중급일본어연습,3,성호현,19,목5목6,인문사회과학대학,동북아문화산업학부
3210-2-6186-01,전선,미디어콘텐츠기초실습,3,원종욱,18,월0월1월2,인문사회과학대학,동북아문화산업학부
3210-2-9219-01,전선,중국어연습,3,왕베이베이,28,목3목4,인문사회과학대학,동북아문화산업학부
3210-2-9700-01,전선,문화산업개론,3,조영복,38,화6목5,인문사회과학대학,동북아문화산업학부
3210-3-5614-01,전선,변혁기의현대중국문학,3,전보옥,48,월5수6,인문사회과학대학,동북아문화산업학부
3210-3-5615-01,전선,탈근대의일본현대소설,3,최정아,91,금3금4,인문사회과학대학,동북아문화산업학부
3210-3-5618-01,전선,스토리텔링과매체변용,3,이종승,36,화5화6,인문사회과학대학,동북아문화산업학부
3210-3-6190-01,전선,광고콘텐츠제작실습,3,김문석,22,월5월6월7,인문사회과학대학,동북아문화산업학부
3210-3-6191-01,전선,일본서사와문화원형,3,강태웅,27,화4목3,인문사회과학대학,동북아문화산업학부
3210-4-6193-01,전선,한일문화비교론,3,강태웅,56,월4수3,인문사회과학대학,동북아문화산업학부
3210-4-6197-01,전선,일본서브컬처론,3,강태웅,28,월6수5,인문사회과학대학,동북아문화산업학부
3210-4-6563-01,전선,문화비평연습,3,강성률,23,금5금6,인문사회과학대학,동북아문화산업학부
F000-2-3771-01,전선,한국법입문,3,한재경,71,X,정책법학대학,공통
F020-1-3806-01,전선,전공미리보기(OT학기제),1,박규동,79,X,정책법학대학,행정학과
F020-1-1848-01,전필,행정학개론,3,최영훈,11,월2수1,정책법학대학,행정학과
F020-1-8104-01,전선,현대사회문제론,3,정진경,66,월1수2,정책법학대학,행정학과
F020-2-1508-01,전필,정책학,3,최영훈,75,월3수4,정책법학대학,행정학과
F020-2-1539-01,전필,조직론,3,서승현,70,금5금6,정책법학대학,행정학과
F020-2-3757-01,전선,지방정부론,3,정진경,88,월5수6,정책법학대학,행정학과
F020-2-8108-01,전선,관료제와민주주의,3,서승현,26,금3금4,정책법학대학,행정학과
F020-2-9726-01,전선,디지털시대의행정,3,최영훈,65,월4수3,정책법학대학,행정학과
F020-3-3380-01,전선,정책분석평가론,3,김주찬,87,화4목3,정책법학대학,행정학과
F020-3-3795-01,전선,행정데이터분석론,3,박규동,57,월6수5,정책법학대학,행정학과
F020-3-4947-01,전선,규제정책론,3,이혜영,10,화3목4,정책법학대학,행정학과
F020-3-8092-01,전선,Discussions In Public Administration,3,박규동,38,월2수1,정책법학대학,행정학과
F020-4-5879-01,전선,공공기관론,3,김주찬,74,화5화6,정책법학대학,행정학과
F020-4-6923-01,전선,행정개혁론,3,한종희,90,목5목6,정책법학대학,행정학과
F030-1-3806-01,전선,전공미리보기(OT학기제),1,서의경,92,X,정책법학대학,법학부
F030-1-0619-01,전선,민법총칙1,3,이춘원,77,월1수2,정책법학대학,법학부
F030-1-0619-02,전선,민법총칙1,3,성준호,42,금1금2,정책법학대학,법학부
F030-1-0619-03,전선,민법총칙1,3,미정,100,월1수2,정책법학대학,법학부
F030-1-1856-01,전선,헌법1,3,손상식,18,화5목6,정책법학대학,법학부
F030-1-1856-02,전선,헌법1,3,손상식,98,화6목5,정책법학대학,법학부
F030-1-1856-03,전선,헌법1,3,미정,48,목3목4,정책법학대학,법학부
F030-2-0315-01,전선,국제법1,3,유선봉,40,금3금4,정책법학대학,법학부
F030-2-0315-02,전선,국제법1,3,권재원,64,화3목4,정책법학대학,법학부
F030-2-0378-01,전필,노동법1,3,이준희,72,화1목2,정책법학대학,법학부
F030-2-0378-02,전필,노동법1,3,이준희,56,화2목1,정책법학대학,법학부
F030-2-1590-01,전필,채권총론,3,이춘원,29,월2수1,정책법학대학,법학부
F030-2-1590-02,전필,채권총론,3,미정,16,금1금2,정책법학대학,법학부
F030-2-1590-03,전필,채권총론,3,미정,24,월2수1,정책법학대학,법학부
F030-2-1840-01,전선,행정법총론,3,정영철,33,월3수4,정책법학대학,법학부
F030-2-1840-02,전선,행정법총론,3,정영철,71,월4수3,정책법학대학,법학부
F030-2-4220-01,전선,형법총론2,3,한재경,10,화1목2,정책법학대학,법학부
F030-2-4220-02,전선,형법총론2,3,한재경,33,화2목1,정책법학대학,법학부
F030-2-4220-03,전선,형법총론2,3,한재경,44,화4목3,정책법학대학,법학부
F030-2-5538-01,전선,상법총론,3,서의경,37,월5수6,정책법학대학,법학부
F030-2-5538-02,전선,상법총론,3,서의경,19,월6수5,정책법학대학,법학부
F030-2-5560-01,전선,과학기술법제론,3,미정,26,금5금6,정책법학대학,법학부
F030-2-5561-01,전선,지적재산법,3,권지현,76,화3목4,정책법학대학,법학부
F030-2-5561-02,전선,지적재산법,3,권지현,38,화6목5,정책법학대학,법학부
F030-2-7697-01,전선,기본권론,3,손상식,40,월5수6,정책법학대학,법학부
F030-2-7697-02,전선,기본권론,3,손상식,88,월6수5,정책법학대학,법학부
F030-2-7697-03,전선,기본권론,3,미정,20,금3금4,정책법학대학,법학부
F030-3-0564-01,전선,물권법,3,박민지,68,월7월8월9,정책법학대학,법학부
F030-3-0622-01,전필,민사소송법,3,신만중,58,월2월3,정책법학대학,법학부
F030-3-0622-02,전필,민사소송법,3,미정,72,화1목2,정책법학대학,법학부
F030-3-0999-01,전선,어음수표법,3,서의경,90,월3수4,정책법학대학,법학부
F030-3-0999-02,전선,어음수표법,3,서의경,65,수3,정책법학대학,법학부
F030-3-1897-01,전선,형사소송법,3,한재경,98,월1수2,정책법학대학,법학부
F030-3-1897-02,전선,형사소송법,3,한재경,67,목7목8목9,정책법학대학,법학부
F030-3-3873-01,전선,상표법,3,권지현,32,금5금6,정책법학대학,법학부
F030-3-4221-01,전선,민사집행법,3,미정,72,화2목1,정책법학대학,법학부
F030-3-5564-01,전선,정보통신법개론,3,미정,57,화4목3,정책법학대학,법학부
F030-3-5694-01,전선,경력개발과취업전략,2,권지현,61,목6목7,정책법학대학,법학부
F030-3-8544-01,전선,부동산공법,3,정영철,56,월6수5,정책법학대학,법학부
F030-3-8908-01,전선,사회보장법,3,이준희,39,월5수6,정책법학대학,법학부
F030-4-0121-01,전선,경제법,3,조현진,87,수5,정책법학대학,법학부
F030-4-1898-01,전선,형사소송실무,3,이두희,96,금1금2,정책법학대학,법학부
F030-4-3759-01,전선,디지털법률행위론,3,미정,41,목8목9목10,정책법학대학,법학부
F030-4-5541-01,전선,형사법판례세미나,3,한재경,11,월2수1,정책법학대학,법학부
F030-4-5570-01,전선,특허심판과소송실무,3,오승준,20,월1,정책법학대학,법학부
F030-4-9226-01,전선,행정법판례세미나,3,정영철,11,월5수6,정책법학대학,법학부
F050-2-3654-01,기선,법과정치,3,손상식,99,토1토2,정책법학대학,자산관리학과
F050-1-3262-01,전선,계약법1,3,장완규,18,수7수8수9,정책법학대학,자산관리학과
F050-1-3264-01,전선,금융자산관리론,3,김신영,25,수10수11수12,정책법학대학,자산관리학과
F050-1-3761-01,전선,법학기초론,3,미정,39,토3토4,정책법학대학,자산관리학과
F050-2-0564-01,전선,물권법,3,최명순,90,토3토4,정책법학대학,자산관리학과
F050-2-4447-01,전선,기업법실무,3,김신영,77,수7수8수9,정책법학대학,자산관리학과
F050-2-6947-01,전선,부동산학개론,3,미정,20,토5토6,정책법학대학,자산관리학과
F050-2-8543-01,전선,자산범죄론,3,한재경,18,수10수11수12,정책법학대학,자산관리학과
F050-3-7396-01,전선,부동산등기법,3,이민,41,수10수11수12,정책법학대학,자산관리학과
F050-3-8546-01,전필,자산과세무,3,미정,65,토5토6,정책법학대학,자산관리학과
F050-3-8550-01,전필,금융법제론,3,서의경,28,수7수8수9,정책법학대학,자산관리학과
F050-3-9238-01,전선,공동주택법제론,3,이영미,26,토3토4,정책법학대학,자산관리학과
F050-4-8542-01,전선,자산과회계,3,윤명옥,84,토3토4,정책법학대학,자산관리학과
F050-4-8548-01,전선,재개발과재건축론,3,여지윤,98,토5토6,정책법학대학,자산관리학과
F050-4-9237-01,전선,재무관리론,3,하용성,43,수7수8수9,정책법학대학,자산관리학과
F040-1-3806-01,전선,전공미리보기(OT학기제),1,전진호,17,X,정책법학대학,국제학부
F040-1-7438-01,전필,동아시아역사1,3,김광열,99,화4목3,정책법학대학,국제학부
F040-1-9227-01,전선,동북아국제관계,3,신봉섭,53,월3월4,정책법학대학,국제학부
F040-2-1234-01,전선,진로탐색및설계,1,전진호,99,수1수2,정책법학대학,국제학부
F040-2-2028-01,전선,중국학개론,3,문경연,79,금3금4,정책법학대학,국제학부
F040-2-4445-01,전선,일본학개론,3,정미애,57,수3수4,정책법학대학,국제학부
F040-2-6939-01,전선,외교정책론,3,윤이숙,14,월6수5,정책법학대학,국제학부
F040-2-7401-01,전필,전공진로탐색,3,전진호,43,수6수7수8,정책법학대학,국제학부
F040-3-3258-01,전선,일본산업경제론,3,김일식,59,월4수3,정책법학대학,국제학부
F040-3-4446-01,전선,중국사회문화연구,3,문경연,82,화2목1,정책법학대학,국제학부
F040-3-5639-01,전선,일본정치외교론,3,전진호,12,화4목3,정책법학대학,국제학부
F040-3-8099-01,전선,동아시아환경과에너지정책,3,윤이숙,14,목6목7목8,정책법학대학,국제학부
F040-3-9730-01,전선,통일북한특강,3,신상진,99,화6목5,정책법학대학,국제학부
F040-4-6202-01,전선,중미관계론,3,신상진,19,화4목3,정책법학대학,국제학부
F040-4-8578-01,전선,Capstone Design Seminar : 국제관계,3,윤이숙,92,월2,정책법학대학,국제학부
F040-4-8579-01,전선,Capstone Design Seminar : 중국,3,문경연,38,화5목6,정책법학대학,국제학부
F040-4-9231-01,전선,일본시민운동론r,3,김광열,98,화6목5,정책법학대학,국제학부
F040-4-9233-01,전선,일본연구세미나,3,전진호,47,화3목4,정책법학대학,국제학부
5080-1-3806-01,전선,전공미리보기(OT학기제),1,하용수,82,X,경영대학,경영학부
5080-1-4929-01,기선,경영과컴퓨터,3,서상구,88,월5수6,경영대학,경영학부
5080-1-0109-01,기선,경영통계,3,이석준,41,화1목2,경영대학,경영학부
5080-1-0109-02,기선,경영통계,3,이석준,63,화2목1,경영대학,경영학부
5080-1-1970-01,전필,회계원리,3,김도형,26,월6수5,경영대학,경영학부
5080-1-1970-02,전필,회계원리,3,박애영,24,화2목1,경영대학,경영학부
5080-1-1970-03,전필,회계원리,3,이문희,37,금1금2,경영대학,경영학부
5080-1-8553-01,전선,경영학의이해,3,이홍,68,화3목4,경영대학,경영학부
5080-1-8553-02,전선,경영학의이해,3,이홍,24,화4목3,경영대학,경영학부
5080-1-9751-01,전선,비즈니스매니지먼트,3,박설연,36,월3수4,경영대학,경영학부
5080-1-9752-01,전선,비즈니스오피스,3,이석준,57,토1토2,경영대학,경영학부
5080-2-0092-01,전선,경영과학,3,김지현,13,월5수6,경영대학,경영학부
5080-2-0092-02,전선,경영과학,3,김지현,21,월6수5,경영대학,경영학부
5080-2-0508-01,전필,마케팅,3,하용수,88,월2수1,경영대학,경영학부
5080-2-0508-02,전필,마케팅,3,하용수,91,화1목2,경영대학,경영학부
5080-2-0508-03,전필,마케팅,3,이인남,71,월5수6,경영대학,경영학부
5080-2-1112-01,전선,원가회계,3,박애영,94,화3목4,경영대학,경영학부
5080-2-1112-02,전선,원가회계,3,박애영,27,화4목3,경영대학,경영학부
5080-2-1112-03,전선,원가회계,3,송은진,69,금3금4,경영대학,경영학부
5080-2-1234-01,전선,진로탐색및설계,1,하용수,81,토1토2,경영대학,경영학부
5080-2-1277-01,전필,채무관리,3,이효정,64,화3목4,경영대학,경영학부
5080-2-1277-02,전필,채무관리,3,이효정,35,금6금7,경영대학,경영학부
5080-2-1277-03,전필,채무관리,3,유전무,84,수3수4,경영대학,경영학부
5080-2-1277-04,전필,채무관리,3,원대연,53,월2수1,경영대학,경영학부
5080-2-2910-01,전선,인터넷프로그래밍,3,최정현,97,토3토4,경영대학,경영학부
5080-2-4900-01,전필,생산운영관리,3,정석재,97,월3수4,경영대학,경영학부
5080-2-4900-02,전필,생산운영관리,3,심정은,38,화3목4,경영대학,경영학부
5080-2-4900-03,전필,생산운영관리,3,심정은,40,화4목3,경영대학,경영학부
5080-2-4900-04,전필,생산운영관리,3,심정은,21,화2목1,경영대학,경영학부
5080-2-5214-01,전선,경영통계분석,3,박영수,67,금1금2,경영대학,경영학부
5080-2-8554-01,전필,조직행동,3,박준형,82,화1목2,경영대학,경영학부
5080-2-8554-02,전필,조직행동,3,박준형,77,화2목1,경영대학,경영학부
5080-2-8554-03,전필,조직행동,3,박설연,100,화6목5,경영대학,경영학부
5080-2-8554-04,전필,조직행동,3,최재운,86,월2수1,경영대학,경영학부
5080-2-8555-01,전필,MIS개론,3,최재운,95,금3금4,경영대학,경영학부
5080-2-8555-02,전필,MIS개론,3,최정현,25,월5수6,경영대학,경영학부
5080-2-8555-03,전필,MIS개론,3,서상구,78,목6목7,경영대학,경영학부
5080-2-8556-01,전선,비즈니스데이터분석,3,김태경,97,금7금8금9,경영대학,경영학부
5080-2-8557-01,전선,소비자행동,3,변숙은,86,월4수3,경영대학,경영학부
5080-2-8557-02,전선,소비자행동,3,변숙은,86,월6수5,경영대학,경영학부
5080-3-0225-01,전선,관리회계,3,김도형,34,월1수2,경영대학,경영학부
5080-3-0225-02,전선,관리회계,3,김도형,31,월2수1,경영대학,경영학부
5080-3-0225-03,전선,관리회계,3,미정,72,월5수6,경영대학,경영학부
5080-3-1149-01,전선,유통관리,3,이인남,32,월3수4,경영대학,경영학부
5080-3-1149-02,전선,유통관리,3,이인남,89,월4수3,경영대학,경영학부
5080-3-2017-01,전선,정보화전략,3,김태경,92,금1금2,경영대학,경영학부
5080-3-2923-01,전선,경영전략,3,이병헌,40,월3수4,경영대학,경영학부
5080-3-3304-01,전선,경영데이터과학론,3,김태경,97,월1수2,경영대학,경영학부
5080-3-3762-01,전선,서비스경영관리,3,변숙은,27,금1금2,경영대학,경영학부
5080-3-4127-01,전선,통합적마케팅커뮤니케이션,3,하용수,66,월4수3,경영대학,경영학부
5080-3-5148-01,전선,증권투자론,3,이효정,74,화4목3,경영대학,경영학부
5080-3-5218-01,전선,경영데이터베이스,3,서상구,74,월3수4,경영대학,경영학부
5080-3-5218-02,전선,경영데이터베이스,3,서상구,87,금6금7,경영대학,경영학부
5080-3-5306-01,전선,중급회계1,3,김성환,75,화1목2,경영대학,경영학부
5080-3-5306-02,전선,중급회계1,3,김성환,66,화2목1,경영대학,경영학부
5080-3-5546-01,전선,비즈니스인텔리전스,3,최재운,31,화5목6,경영대학,경영학부
5080-3-5694-01,전선,경력개발과취업전략,2,하용수,83,목6목7,경영대학,경영학부
5080-3-6108-01,전선,경영시뮬레이션,3,미정,73,월4수3,경영대학,경영학부
5080-3-7398-01,전선,ERP개론,3,이용승,27,금7금8금9,경영대학,경영학부
5080-4-0345-01,전선,금융시장론,3,한재현,85,월3수4,경영대학,경영학부
5080-4-2183-01,전선,재무분석,3,고형일,82,화1목2,경영대학,경영학부
5080-4-3973-01,전선,자산운용심화,3,장민기,19,금3금4,경영대학,경영학부
5080-4-4040-01,전선,품질경영,3,김지현,41,월4수3,경영대학,경영학부
5080-4-4242-01,전선,기업정보보안,3,최정현,37,화3목4,경영대학,경영학부
5080-4-4448-01,전선,경영사례연구,3,이병헌,60,월4수3,경영대학,경영학부
5080-4-7882-01,전선,성공적인창업계획,3,이현경,91,월6수5,경영대학,경영학부
5080-4-8112-01,전선,경영실무(캡스톤설계),3,이승도,88,금5금6,경영대학,경영학부
5080-4-8558-01,전선,비즈니스아이템발견,3,이병헌,29,월2수1,경영대학,경영학부
5080-4-8559-01,전선,비쥬얼애널리틱스,3,최재운,70,화3목4,경영대학,경영학부
5080-4-8563-01,전선,혁신제품의사업화마케팅,3,김도형,20,금3금4,경영대학,경영학부
5080-4-8564-01,전선,사업과금융,3,송영출,72,금5금6,경영대학,경영학부
5080-4-9731-01,전선,회계디지털데이터활용과분석,3,정아름,26,금3금4,경영대학,경영학부
5100-1-3806-01,전선,전공미리보기(OT학기제),1,정재휘,85,X,경영대학,국제통상학부
5100-1-9214-01,전필,일본어기초1,3,후지무라마이,48,화4목3,경영대학,국제통상학부
5100-1-9215-01,전필,중국어기초1,3,이가인,67,월2수1,경영대학,국제통상학부
5100-1-9215-02,전필,중국어기초1,3,곡효운,36,월6수5,경영대학,국제통상학부
5100-1-0129-01,전선,경제학원론,3,박희대,62,월3수4,경영대학,국제통상학부
5100-1-4449-01,전필,국제통상학개론,3,정재휘,79,화6목5,경영대학,국제통상학부
5100-1-4449-02,전필,국제통상학개론,3,이주윤,90,월6수5,경영대학,국제통상학부
5100-1-9926-01,전선,생활속의글로벌경제,3,심상렬,24,X,경영대학,국제통상학부
5100-2-0048-01,전필,거시경제학,3,임종수,14,화3목4,경영대학,국제통상학부
5100-2-0048-02,전필,거시경제학,3,임종수,65,화4목3,경영대학,국제통상학부
5100-2-0613-01,전필,미시경제학,3,박희대,61,월1수2,경영대학,국제통상학부
5100-2-0613-02,전필,미시경제학,3,박희대,65,월2수1,경영대학,국제통상학부
5100-2-1234-01,전선,진로탐색및설계,1,정재휘,75,금7금8,경영대학,국제통상학부
5100-2-3295-01,전필,국제비즈니스영어,3,황정미,49,금5금6,경영대학,국제통상학부
5100-2-3295-02,전필,국제비즈니스영어,3,김민정,87,수5수6,경영대학,국제통상학부
5100-2-5096-01,전필,중국어청취연습,3,이가은,64,월3수4,경영대학,국제통상학부
5100-2-5096-02,전필,중국어청취연습,3,변성연,34,금1금2,경영대학,국제통상학부
5100-2-5551-01,전필,중급일본어연습,3,미정,18,금3금4,경영대학,국제통상학부
5100-2-5576-01,전필,무역상무,3,홍의,30,화1목2,경영대학,국제통상학부
5100-2-5576-02,전필,무역상무,3,홍의,74,화2목1,경영대학,국제통상학부
5100-2-5576-03,전필,무역상무,3,홍의,96,화4목3,경영대학,국제통상학부
5100-2-6182-01,전선,경제경영수학,3,임종수,40,화6목5,경영대학,국제통상학부
5100-2-8081-01,전선,기업가정신과startup,3,배상필,28,화3목4,경영대학,국제통상학부
5100-3-0119-01,전선,경제계량분석,3,박희대,86,월4수3,경영대학,국제통상학부
5100-3-0309-01,전선,국제마케팅,3,정재휘,21,월1수2,경영대학,국제통상학부
5100-3-0310-01,전선,국제무역론,3,정수지,38,수1수2,경영대학,국제통상학부
5100-3-0538-01,전선,무역관계법,3,이주윤,19,화3목4,경영대학,국제통상학부
5100-3-2387-01,전선,중국경제론,3,이가은,89,월5수6,경영대학,국제통상학부
5100-3-4614-01,전선,국제물류관리론,3,김진수,11,목3목4,경영대학,국제통상학부
5100-3-5591-01,전선,일본경제론,3,이향철,45,수5수6,경영대학,국제통상학부
5100-3-6183-01,전선,비즈니스협상론,3,심상렬,62,월5수6,경영대학,국제통상학부
5100-3-8113-01,전선,전시기획및바이어상담실습,3,전재일,54,금5금6,경영대학,국제통상학부
5100-3-9714-01,전선,시장조사방법론,3,정재휘,28,월3수4,경영대학,국제통상학부
5100-4-3773-01,전선,캡스톤설계국제통상실습,3,하도윤,19,금1금2,경영대학,국제통상학부
5100-4-4491-01,전선,FTA와경제통합,3,이주윤,59,화5목6,경영대학,국제통상학부
